43
143
139
52
60
17
5
43
4
2
93
104
2
56
5
52
15
144
65
46
56
30
50
27
130
28
19
8
108
126
1
38
33
16
75
16
2
122
137
208
203
249
253
1
41
88
90
226
78
203
47
72
1
113
106
98
172
117
104
199
129
18
27
8
73
17
36
66
35
171
138
105
30
63
69
9
88
50
41
7
7
120
32
453
22
87
10
57
292
24
174
25
40
79
56
50
134
15
33
7
200
147
153
28
50
39
10
58
99
51
24
1
33
24
3
21
76
74
95
16
39
70
13
31
10
4
67
10
4
84
15
21
17
28
32
62
9
157
82
149
58
48
4
66
21
110
27
60
31
119
9
35
105
40
100
32
108
72
197
75
87
2
59
24
126
203
192
174
12
20
195
422
59
153
302
253
3
72
16
94
429
67
507
323
70
358
12
59
48
41
121
150
31
261
432
14
116
223
147
445
118
46
251
46
247
128
263
664
108
434
435
108
216
221
193
136
97
475
206
368
706
0
197
273
26
13
5
507
149
41
63
148
754
90
163
300
846
296
135
1105
55
32
611
683
11
559
69
234
811
326
86
161
8
691
82
59
290
14
15
109
5
236
64
133
361
25
195
167
346
9
189
128
197
87
450
24
26
618
154
70
4
16
327
4
59
89
267
260
12
56
79
168
208
114
12
296
28
211
63
131
24
72
193
54
22
286
83
119
24
24
156
6
25
47
78
125
50
577
73
958
12
322
271
482
69
192
491
332
451
418
20
2
23
89
266
379
286
810
1015
46
487
53
942
3093
3443
516
797
131
2893
180
233
850
563
116
1386
366
210
378
1259
270
1003
125
1485
621
581
250
10
731
73
108
238
432
153
3
344
184
641
211
842
5
748
313
464
238
63
147
62
65
133
188
28
165
115
6
145
401
94
536
110
90
16
32
380
502
15
39
47
196
18
77
157
124
176
434
48
39
19
307
15
77
84
112
212
52
40
45
67
89
18
13
129
33
160
229
8
34
322
52
100
42
174
33
822
303
51
288
40
91
188
437
94
369
159
17
909
564
242
15
94
216
316
256
73
333
28
16
685
146
229
421
580
287
37
182
48
112
211
407
213
318
299
255
659
164
54
239
7
1359
355
1
198
368
239
121
75
59
72
63
243
364
110
7
27
424
80
85
1448
102
531
70
144
707
456
26
14
207
47
136
102
183
10
84
44
347
219
77
97
14
206
38
75
157
656
463
22
2
273
49
106
292
186
58
271
598
392
117
64
31
22
603
155
336
15
318
130
125
512
153
76
3
392
273
83
1923
219
279
432
573
280
590
12
492
946
1974
848
212
170
557
1525
751
1857
148
316
1692
490
885
1682
74
854
1699
10130
6258
1582
830
22
781
113
379
1017
2109
2655
1081
302
63
452
260
1116
56
328
482
127
3001
4032
2056
2369
913
173
732
66
333
1095
224
357
569
823
12
1083
1005
481
485
1124
530
2053
16
701
582
60
406
212
727
63
48
1505
1063
793
1063
56
28
1202
153
475
1542
341
596
2754
868
7484
247
1380
522
8268
8348
10
99
49
38
10718
2035
1310
854
16885
33056
3067
10983
38047
4035
1148
40238
42346
11244
50
1843
13935
45416
31548
7016
16186
6353
36945
256429
153858
123682
666
13289
3688
196
85585
47823
5295
3330
454728
