690
330
898
248
170
345
658
2597
1753
393
2680
1123
1067
579
424
202
947
3138
1798
12
834
3134
1084
1894
309
254
597
766
838
158
53
156
137
104
454
131
43
127
419
367
139
156
189
17
65
73
331
16
20
479
383
69
246
253
196
289
163
234
101
510
35
81
5
12
70
182
135
10
6
23
143
16
180
163
406
149
860
430
117
110
220
490
118
194
514
238
194
3
136
270
768
195
106
627
311
143
160
1159
514
1114
380
146
38
141
259
44
433
300
29
193
75
52
13
84
21
35
16
346
124
345
171
40
1528
30
134
263
111
32
158
117
94
114
23
506
74
253
205
97
22
84
154
185
54
32
172
103
6
50
30
173
30
509
106
342
96
749
589
62
67
511
778
481
31
779
251
689
622
615
781
619
135
39
345
197
32
25
239
387
135
165
15
253
614
264
146
27
193
120
87
1066
284
39
142
122
39
241
543
846
241
766
412
740
293
158
250
122
1118
277
2081
504
2614
754
99
553
71
74
278
3873
411
428
2272
1387
737
660
2768
311
12022
2194
836
32
457
1180
1352
371
25
947
729
1512
285
436
142
1887
154
23
137
426
336
92
18
218
932
275
398
143
398
235
630
246
30
111
209
340
96
93
121
359
66
139
535
190
591
461
48
164
415
712
134
64
696
444
169
57
121
4
68
115
215
633
266
331
73
112
90
169
44
34
132
397
140
33
285
28
170
339
430
14
106
200
106
458
415
82
441
339
106
362
416
158
5
192
235
84
33
992
14
27
137
450
298
1087
208
421
32
15
1336
202
1244
10
28
20
127
82
7
46
70
48
470
446
100
67
31
47
24
166
62
466
239
129
41
96
286
14
400
636
589
13
64
197
151
204
137
2
266
77
71
331
45
119
139
49
357
817
24
37
142
8
298
610
756
66
122
72
69
1148
902
185
203
258
149
72
131
115
4
62
94
245
102
300
438
90
1799
1502
600
657
1221
1117
769
522
57
29
226
337
943
364
7778
1721
954
8590
3510
2568
61
1370
365
2298
3784
2525
302
254
368
439
331
244
37
76
24
188
51
221
105
147
173
249
73
180
173
248
85
142
32
12
64
10
129
387
74
151
101
41
36
30
61
87
199
257
265
352
178
699
14
273
428
459
1396
181
77
208
125
203
39
156
124
553
492
7180
1499
5846
84
1111
81
71
86
418
121
43
717
384
1828
1673
155
65
700
686
459
189
185
2490
1512
186
134
6
515
2922
4653
31662
3928
25475
13064
11505
44772
21764
3832
1488308
583359
84122
153
30
