404
631
98
81
67
286
496
64
63
23
82
178
33
8
100
108
367
23
182
363
205
306
1399
494
369
709
61
191
502
571
7181
2327
293
178
3286
719
485
466
183
70
32
4970
2020
377
687
330
203
228
1
391
201
73
4
342
64
10
178
52
245
9
261
260
160
177
65
70
32
201
174
65
58
60
21
67
137
61
187
76
40
125
70
154
137
65
73
37
55
44
0
3
46
218
362
39
133
85
231
24
10
69
36
140
13
70
31
195
65
145
90
25
63
6
263
95
18
3
61
83
62
92
86
35
21
69
50
41
227
142
8
42
82
76
7
5
41
76
44
34
218
4
89
62
43
23
43
55
86
10
64
2
55
48
37
154
85
48
42
43
55
24
27
8
108
29
47
69
14
17
59
60
31
143
6
95
100
62
11
44
55
36
34
70
60
52
64
88
48
7
25
34
266
31
155
208
24
58
112
15
108
70
140
4
87
15
157
45
133
21
10
371
191
57
146
32
8
100
68
42
35
12
92
51
247
5
16
48
218
42
108
17
4
171
69
46
29
100
80
61
64
41
18
24
72
264
123
36
28
137
60
13
152
9
82
7
231
64
72
263
24
47
27
61
43
12
152
86
376
124
213
59
89
12
40
10
168
146
22
95
416
64
1
236
97
133
10
12
22
86
144
37
31
18
86
75
157
13
84
75
296
327
92
39
58
90
255
22
265
38
24
58
44
154
82
85
42
6
169
26
61
48
26
129
27
15
116
50
13
40
36
47
83
57
38
94
146
74
195
447
148
577
145
43
234
178
59
19
425
475
375
281
275
68
78
202
228
398
466
210
31
341
38
208
96
74
1281
75
245
81
2369
343
141
48
92
450
72
619
176
153
0
21
311
425
146
233
289
439
463
26
56
9
327
111
120
43
21
40
34
369
96
203
102
15
155
534
547
30
55
296
131
184
1090
198
734
870
799
1314
1696
1479
854
379
643
427
447
147
139
1190
604
510
717
45
1994
1366
179
799
57
270
685
7874
7583
2871
5974
3340
61
838
750
353
765
1251
3405
5286
554
527
116
15917
9223
5090
1127
39
3247
657
47599
440
2278
458
2446
899
238
92
829
322
538
685
1817
1285
4754
1726
2408
1914
425
192
741
859
89
943
881
427
261
1199
261
121
1395
354
1066
603
157
153
37
312
509
666
717
2438
375
741
298
149
4005
819
11767
15738
625
1343
1002
908
248
660
484
692
855
1827
4360
338
36
1609
3473
1153
4320
1163
814
1491
757
161
4326
116
609
1654
5038
782
1203
605
2801
5203
113
225
1751
2091
1928
317
627
1061
244
384
180
1179
1171
19211
25266
64857
19131
6547
85972
9232
371
5797
2071
5601
3236
187
42807
43079
10069
10297
1147692
98670
589136
61
197
7538
