66
56
50
95
48
18
66
186
105
20
67
29
25
19
11
18
23
54
63
1
49
0
26
3
63
73
41
9
10
150
11
30
35
18
12
146
147
184
25
62
203
2
84
93
249
8
57
163
27
135
253
22
20
19
54
52
3
38
324
111
47
7
173
5
19
126
206
34
91
57
27
229
323
35
153
98
44
144
81
7
294
327
321
52
563
187
18
112
680
78
65
108
283
73
191
68
0
21
148
50
147
109
287
109
97
224
60
286
165
201
119
147
41
200
275
350
445
178
72
103
78
45
180
91
485
8
88
11
85
235
20
24
38
1
38
76
217
20
35
43
91
16
230
197
47
52
76
8
58
188
3
4
113
109
258
29
82
15
146
138
19
76
99
1
98
11
97
155
21
111
104
34
11
77
1
3
69
89
17
249
2
53
77
147
34
20
98
22
365
9
35
9
59
48
11
7
29
30
246
8
18
180
87
78
66
13
272
69
12
39
124
52
41
2
204
52
31
1
43
166
52
105
372
4
28
104
480
153
186
21
47
12
273
265
225
24
85
878
134
45
270
208
353
7
7
102
253
143
676
620
98
502
2124
321
282
3002
525
951
8727
293
2827
144
1489
561
442
80
163
240
1490
664
144
386
51
131
1016
493
711
976
306
66
23
90
558
37
411
67
271
173
531
430
294
94
745
1123
643
371
1251
183
233
334
51
901
507
797
660
182
113
1199
230
616
2200
228
908
269
517
153
2394
2039
318
3013
620
567
330
5
819
236
14
265
729
269
231
69
390
295
1561
521
4003
333
163
546
5531
35
5218
149
1089
14703
21112
7088
598
51
2824
2470
437
322
7613
571
1488
250
737
689
1427
212
3408
362
1125
241
322
215
151
65
143
422
77
16
122
47
1134
130
2426
106
284
195
263
146
393
126
44
2342
7091
1825
1130
343
73
12674
4721
54
34
16176
18
41
3413
2697
5323
1238
5440
7602
510
2776
535
2246
267
448
900
181
2285
1410
60
699
9333
1345
2207
776
2321
569
5699
420
45
379
769
4442
121
2559
389
642
7744
1582
367
3814
2926
960
1532
3183
6795
3405
4433
15403
11758
981
259
37556
4503
1221
109
351
704
4230
15686
1314
9591
1503
18747
8271
21390
694
1653
389
3786
2316
2611
792
798
748
2958
1541
2528
2635
12214
18152
933
40420
11868
10511
26
499
337
867
10276
3250
2964
359
431
247
2321
4483
100
1720
26887
966
258
622
4480
1491
1083
26663
54277
19995
78
112
989
620
1001
600
452
639
308
207
169
5127
2601
1525
13213
25339
15194
11825
12041
67279
638515
12814
197869
722995
2601
5044
