83
73
47
852
602
398
1138
676
1535
55
3306
202
212
283
580
528
152
256
96
53
60
622
35
261
616
383
747
123
757
166
85
158
125
91
100
343
811
434
204
171
201
70
249
425
285
150
191
25
42
265
256
165
257
148
27
104
27
32
316
6
81
273
180
178
75
108
173
313
134
181
160
67
39
179
53
71
10
190
196
166
115
240
192
52
198
3
403
37
45
80
129
638
52
242
128
49
89
590
191
33
4
70
106
250
181
12
95
240
145
128
121
717
54
90
89
262
267
11
188
132
16
150
142
97
266
163
106
330
327
73
211
31
224
96
74
2
183
59
18
12
70
57
23
17
7
17
57
60
26
161
21
2
80
0
44
159
538
490
69
166
273
121
217
309
351
24
338
69
186
164
319
127
402
64
558
243
67
226
504
150
165
157
53
19
36
98
108
5
182
213
130
11
205
144
84
588
35
156
164
21
308
117
75
51
371
42
48
333
48
296
109
142
639
119
505
128
436
429
34
821
176
1340
272
31
26
163
164
50
14
281
319
39
313
308
17
1
223
446
1098
138
482
1
35
11
341
420
37
179
197
38
9
211
10
90
36
163
135
260
127
288
46
1518
328
814
1323
1505
247
1263
909
274
780
466
3290
526
54
128
1384
2741
304
1112
227
587
88
1749
4
186
10646
877
506
1104
128
118
6068
4335
3192
2266
1532
214
251
22
97
1314
49
27
3270
1020
86
806
1115
778
653
129
56
106
335
841
326
564
230
135
217
2
504
607
726
218
308
102
17
87
49
21
111
321
1238
1320
193
626
934
600
894
364
202
549
1808
166
3740
889
715
290
143
205
222
438
178
155
86
447
602
961
205
324
328
921
1136
468
601
418
2686
4346
872
6551
1919
619
792
13731
12587
116
3471
1353
105
674
2100
233
774
739
727
10
153
176
128
394
105
14
511
1457
508
484
451
319
706
17686
10532
6214
54704
109
3312
749
1072
297
2611
29034
2344
6182
32312
3548
1307
2162
1440
2528
6577
9800
374
355
2968
1378
819
9920
1219
506
1416
369
1942
10765
16717
231
1933
28670
731
362
462
225
647
585
91
3105
529
410
209
155
11
129
669
691
117
571
327
2161
58915
487
526
734
141
66
526
2176
1289
3245
1104
1183
22
854
308
1249
114
2569
109
9
171
203
736
2547
1059
241
3004
909
25
18
733
39
535
39
903
2183
524
1146
4081
613
2208
641
29027
2476
221
3
582
111
394
3045
996
928
485
1483
514
615
891
499
448
554
7140
37664
60052
686
187
4076
1112
301
30
621
368
260
1856
2196
107
1041
743
13371
219
6962
15606
39847
10583
155098
4313
4058
14374
1533
464
1930
1463
1859
729
357
7839
21784
5461
744
3399
32
23
587
20
298
1281
5113
13044
3068
382
694
1224
5807
923
1169
2124
27044
2388
427
8244
1509
281
83
52763
1820
33189
1050
2862
80
1214
25455
30
4633
3116
909
5517
1061
3211
665
239626
235
5389
21671
63583
264655
464
941
417
14572
2339
70
