106
145
756
105
132
71
9
6
202
35
7
46
374
283
182
402
8
17
15
17
53
856
33
195
144
190
227
88
1138
442
961
448
375
177
489
198
117
369
2
1006
171
289
651
62
104
306
156
23
36
320
29
261
1825
704
217
450
331
69
452
1831
904
329
1584
8903
2736
620
150
105
5352
1414
781
1945
92
678
129
1049
1242
36
5627
442
203
105
594
33
72
172
256
55
133
26
255
194
88
606
524
615
555
490
152
1413
31
552
1279
704
341
162
616
447
932
2385
336
201
855
563
162
207
508
851
257
1097
879
302
1202
157
97
608
615
173
104
23
63
87
97
240
208
443
268
1586
54
481
83
61
151
602
515
26
90
78
455
339
782
138
367
227
356
349
774
188
111
49
128
370
26
231
149
223
66
74
52
37
18
187
74
3
70
335
165
203
752
583
550
29
258
366
70
74
20
3
26
443
74
358
499
346
770
80
275
49
135
158
313
217
202
269
79
313
208
37
82
62
17
278
13
42
1
7
45
306
54
14
325
87
102
236
44
106
11
123
460
143
232
840
368
3879
176
797
1172
553
1778
6958
1027
4400
2229
8693
2077
2881
1591
1586
852
152
1146
1067
944
758
5270
60
150
218
229
542
671
402
543
1469
276
731
113
635
137
196
70
1341
2164
145
2863
90
249
319
64
959
176
349
189
228
188
10864
6236
853
324
1150
27
1069
380
6260
16042
10557
2192
1465
1082
15
543
97
951
149
965
53
150
342
259
1343
83
347
44
128
69
91
144
2751
975
1631
6429
2976
1616
447
79
768
367
225
123
188
334
204
83
239
214
418
131
416
759
165
356
10
383
73
209
1723
11
173
840
762
69
265
220
42
209
798
323
510
105
547
343
245
217
172
19
277
82
19
147
78
119
186
479
197
42
471
215
634
27
1198
953
26
154
166
1398
368
445
48
304
24
348
384
690
1
708
136
34
299
1167
133
139
744
155
1288
1542
160
343
184
15
340
778
115
205
368
71
79
33
295
169
284
4711
10605
3448
1837
290
595
4670
959
279
279
3659
106
205
353
1772
521
5724
30
122
276
1134
1045
856
604
3647
35
458
2282
1040
1991
714
1031
416
929
152
191
43
1812
92
206
4085
1014
1208
5178
148
395
458
436
624
813
152
700
644
379
1329
1871
3213
64
1530
793
4490
7397
492
671
4179
1729
1708
8673
314
2370
431
552
1427
477
1005
213
616
671
9
27
38
1
16
467
1059
454
2286
2864
527
202
1081
1311
454
2093
1735
1154
304
510
1271
8231
5014
1295
214
3386
468
55
691
5540
1815
3436
1225
3007
10849
10443
8518
3840
1629
836
823
4851
14159
85
542
896
301
10461
115
1075
1689
460
5723
5890
11764
