9
31
110
177
5
43
17
92
1
48
66
8
32
11
20
58
90
40
56
53
16
2
12
2
46
15
55
24
261
15
11
12
13
34
29
50
98
29
6
2
138
51
13
149
59
31
38
111
54
100
211
96
235
43
85
148
89
32
100
128
225
12
12
89
33
49
78
156
79
575
26
189
29
31
11
193
1
15
77
31
241
91
12
42
77
55
25
6
51
54
43
18
87
13
209
14
125
39
21
18
406
199
36
14
125
115
18
29
114
83
30
346
95
175
306
146
58
215
74
86
13
91
29
54
92
21
46
113
20
14
29
7
23
313
55
200
78
121
164
63
321
102
262
338
40
265
247
185
245
913
704
116
90
127
8
84
207
33
235
54
90
271
233
107
166
191
442
57
202
84
320
32
10
8
73
1522
377
185
195
452
149
621
264
61
228
56
222
144
30
469
141
74
34
56
116
155
191
538
250
81
431
464
384
434
400
409
237
615
494
1701
888
451
938
360
2101
507
76
2558
58
7331
1167
538
8956
19
5415
2296
1529
1271
1786
2441
166
543
102
12
95
57
158
115
155
110
246
179
415
163
68
74
10
1523
239
347
25
318
288
247
159
211
13
421
94
242
442
205
243
83
135
1
104
550
378
61
42
196
48
20
27
26
243
123
67
65
0
185
121
47
292
4
138
1
17
60
222
63
67
104
172
110
22
58
760
277
238
726
171
64
291
626
360
785
33
8
198
211
209
77
108
188
120
66
102
51
311
148
34
93
39
4
129
189
133
111
24
33
244
381
389
11
34
27
25
170
311
425
143
25
469
313
13
46
494
25
172
53
138
34
1344
864
330
270
199
59
79
130
214
105
119
118
188
31
187
246
63
155
310
156
436
121
222
169
27
40
32
179
323
9
29
122
51
172
28
74
13
66
13
235
20
53
13
58
119
22
16
213
7
25
30
154
225
362
48
20
173
90
162
22
1770
285
1903
937
347
169
51
169
252
1722
2064
226
185
804
213
126
373
256
212
580
4098
3252
3725
5433
703
7104
8593
1862
2271
185
552
1619
1806
5414
650
2178
218
150
46
502
2222
1305
4233
971
153
608
552
540
243
97
48
207
62
82
286
100
69
38
231
90
75
580
368
32
326
93
3982
285
382
203
2071
5273
2112
3262
1253
1185
2339
223
325
137
325
408
303
168
398
132
182
375
4860
6181
1048
6484
2769
6642
6865
1822
11151
8864
298
390
1079
2218
3608
2526
2660
641
760
377
813
129
297
4421
602
1665
2998
1535
5347
3849
15403
7491
230
1674
2322
145
143
104
450
111
3564
135
1065
2232
558
772
2127
1420
110
3754
3596
21890
1055
2655
2838
668
878
464
921
460
11772
25950
110547
1181979
15028
899
25271
