36
55
56
110
368
46
208
129
115
24
115
58
29
35
31
138
76
10
22
47
69
6
12
15
93
139
38
99
25
35
11
17
139
100
90
62
208
68
1340
707
78
5
110
154
280
139
89
45
189
47
124
54
36
292
4
78
52
33
137
275
46
142
24
29
40
140
176
186
120
175
67
9
233
161
501
486
148
411
451
375
74
98
124
438
10
199
149
50
149
76
104
32
687
107
83
221
85
102
694
9
133
144
14
38
3
45
19
151
10
74
330
98
638
248
50
427
170
110
352
33
296
185
168
599
55
99
32
95
83
60
418
344
168
56
2
274
2
22
22
193
119
64
148
29
21
200
19
487
15
47
11
97
169
1
122
15
18
100
286
188
108
219
128
236
265
53
45
0
167
95
402
65
130
140
268
304
241
151
116
14
186
19
16
412
118
347
211
421
163
272
210
54
312
598
162
164
135
20
328
134
105
131
149
148
668
137
39
82
132
47
21
271
216
144
255
158
208
71
2
2
205
436
686
60
57
370
1
34
5
52
108
120
54
564
49
209
55
385
242
132
356
200
76
47
38
57
29
117
138
105
29
71
46
68
52
85
319
82
148
75
10
10
78
385
66
148
13
159
494
93
5
317
450
1105
87
721
109
90
25
100
378
13
15
6
3
149
37
254
535
127
41
18
216
253
295
211
197
257
82
125
263
595
663
1736
217
1033
2350
118
357
93
190
1158
1396
832
58
545
122
59
1374
1790
1341
392
992
11
485
718
538
2284
2283
19
1917
239
2788
538
1667
152
1002
435
432
49
284
705
67
1940
767
1284
1805
299
132
1515
1764
13
257
60
294
81
357
213
3117
1045
153
1199
4
1030
55
195
249
224
602
214
494
713
68
531
426
1760
436
256
2
61
410
296
751
1473
60
780
176
462
368
4
1692
505
766
301
380
60
385
41
179
366
130
128
267
124
148
198
10
119
65
607
809
102
256
540
135
407
216
683
890
479
538
781
406
187
90
471
35
349
553
308
227
2288
416
119
421
77
10043
418
142
487
222
512
563
870
2332
832
117
41
373
2598
721
12735
4597
606
282
532
5387
1473
370
5936
402
1101
1989
398
319
1070
107
253
1049
24
286
167
270
12
1236
424
1279
155
1366
192
79
126
215
440
330
222
853
10
23
955
22
182
584
725
13
422
115
29
29
253
696
7
1788
863
58
191
43
232
632
455
121
162
789
321
166
819
189
108
64
1317
56
118
542
112
290
144
58
509
133
33
141
304
8
86
27
226
96
42
53
176
56
241
49
71
276
642
8
234
121
689
179
278
151
682
587
1353
509
77
395
331
307
551
2873
267
224
73
2920
532
103
189
2768
1820
2094
6668
1747
549
1093
1376
1019
318
54
7375
1022
656
409
559
782
402
1141
15
266
1951
15
1383
675
68
580
4582
1953
2993
234
318
1125
210
193
25
213
154
314
337
13
379
404
722
101
392
418
190
357
237
7
907
195
102
49
1231
164
143
788
508
94
394
223
411
92
211
159
25
132
223
1094
741
444
108
203
417
484
815
889
427
413
746
310
48
61
196
5
145
138
84
672
225
108
208
35
14
1743
572
722
5
1374
279
81
60
101
756
899
1641
2593
120
1104
583
199
142
3677
27715
3374
650
545
500
236
154
265
337
630
42
302
590
7
112
157
137
343
2
329
44
7
6
438
60
35
727
123
412
165
91
305
31
315
261
123
52
91
57
218
85
113
205
658
2018
372
50
26
877
55
546
502
42
153
466
183
19
109
188
40
93
99
14
166
456
88
132
7
55
19
143
271
112
17
186
146
346
100
46
83
53
175
41
92
55
44
6
52
62
24
42
5
19
18
232
52
25
77
10
86
9
30
100
133
154
189
128
20
6
129
24
15
70
36
164
275
483
170
668
300
147
383
308
167
98
53
12
45
33
96
30
228
153
103
52
72
228
304
178
44
79
218
199
499
121
67
190
663
454
152
1703
922
1257
113
57
469
130
332
560
46
816
478
166
100
27
207
125
134
1066
677
250
73
381
248
626
310
614
250
237
382
78
552
63
203
1252
316
561
1020
79
822
95
144
40
4884
1745
600
414
1601
386
786
184
217
920
901
2587
977
2484
212
80
72
1725
678
3310
36
1549
6184
702
392
862
1375
2306
71
774
441
246
14
590
456
1058
192
53
95
321
523
899
358
149
573
95
89
200
412
90
754
72
386
213
421
37
109
122
202
45
173
88
231
486
58
28
7
6
40
369
194
377
185
306
360
15
143
13
118
721
62
335
235
75
8
452
24
330
76
396
210
201
34
199
108
68
187
22
74
83
15
67
70
132
285
340
677
16
386
194
644
218
69
263
4
0
52
103
77
101
48
17
3
242
16
28
4
144
140
61
45
165
16
464
106
302
736
1463
379
528
594
46
835
172
226
409
620
74
126
478
3649
430
395
797
26
135
4866
747
2208
469
1127
1492
4802
5897
1460
1684
3648
7643
14502
1850
3092
236
794
822
2195
14
1904
6799
365
2423
6983
2491
4325
1200
7128
1117
4089
3612
2785
22
267
6
1752
501
708
905
1005
1125
916
299
409
1857
2827
99
1621
1148
699
1619
1851
3166
2619
7342
3803
76
1421
951
2860
3746
2197
1067
476
1238
1629
2323
58
683
7136
694
782
13089
6157
5299
2268
4958
6415
13006
12005
1170
3264
8113
9146
1168
539
1534
4013
3853
9370
7052
27326
6240
11726
3414
1770
814
24
246
1263
715
563
1119
383
2013
1316
783
850
367
862
780
4043
4477
6174
2373
2041
5997
16629
18467
6689
9480
11077
3764
64142
7463
4327
277091
