204
461
156
130
196
37
72
135
33
38
113
67
104
206
371
10
18
37
11
285
221
143
66
102
119
289
159
172
647
121
160
66
228
106
92
210
205
29
144
90
68
108
183
38
57
85
69
76
84
63
3
39
31
120
113
200
15
215
69
102
70
137
35
51
56
65
32
68
160
29
2
105
26
7
7
269
39
203
195
46
237
192
2
245
55
105
49
31
357
16
317
116
91
67
6
22
76
790
143
193
206
289
255
78
197
910
62
133
259
242
262
137
247
703
188
112
14
515
339
130
469
1778
2236
23
223
105
354
605
450
224
944
176
678
1198
44
58
282
828
94
604
67
9
1374
1320
1294
295
2
1618
945
446
162
151
280
64
142
511
491
371
95
95
229
341
476
201
11
79
209
62
125
427
34
401
534
142
244
95
594
378
160
78
331
496
129
129
54
71
8
161
50
9
79
56
364
23
130
43
150
67
55
10
171
8
19
48
25
93
185
25
44
309
386
34
15
248
156
208
35
54
107
19
253
224
26
143
191
54
82
121
73
163
176
82
36
78
196
130
18
121
4
13
13
84
256
23
112
50
104
93
55
152
26
89
7
49
53
37
27
14
146
76
180
23
62
8
65
148
93
9
124
35
20
56
31
33
109
48
34
87
2
184
60
76
9
111
137
105
72
181
157
71
102
37
433
22
171
225
183
96
63
27
18
439
58
236
249
17
43
80
235
106
423
306
253
24
122
27
33
180
133
79
535
51
8
271
130
102
43
48
455
9
80
23
51
71
9
204
165
143
17
9
257
127
243
93
15
468
104
14
14
227
231
71
153
223
26
7
5
49
171
108
205
331
73
122
45
157
332
106
119
671
339
115
23
107
490
17
138
11
61
257
15
314
9
135
31
81
40
0
56
22
18
96
453
65
157
68
11
178
269
135
73
31
36
91
181
106
19
14
26
190
4
81
43
173
25
161
119
70
223
376
47
181
47
21
72
46
266
159
143
1
71
18
30
257
34
104
293
183
150
102
8
521
49
303
15
127
12
345
126
110
87
199
152
26
148
109
260
180
27
279
143
180
45
293
160
177
158
121
219
30
48
127
153
7
53
46
166
141
78
38
7
15
25
51
143
6
1
8
4
103
32
39
61
9
53
45
49
8
27
68
41
10
4
5
69
91
25
94
125
32
125
138
277
78
33
28
60
83
217
14
22
135
143
52
108
58
4
206
110
52
34
259
178
386
328
30
99
15
146
64
239
9
51
55
24
31
84
60
81
36
11
293
155
16
3
78
53
4
87
136
96
157
4
42
110
297
64
19
207
7
440
95
68
54
270
16
3
31
269
88
358
170
56
166
1
407
80
184
75
9
1764
834
1051
427
139
27
67
370
957
59
373
219
270
141
229
117
7
214
341
58
671
266
44
237
331
32
281
15
26
42
463
9
54
79
331
644
814
7
335
344
140
19
547
330
1162
811
93
579
415
1880
1150
925
629
2107
1818
1133
1452
341
247
525
9
1307
358
207
18
529
323
384
342
50
71
71
27
55
94
85
345
196
76
47
216
90
116
70
791
49
236
193
71
125
130
413
253
33
611
194
817
859
173
1187
955
170
424
103
19
74
512
392
48
65
287
183
112
749
412
502
739
581
108
441
112
350
238
55
2
38
58
80
148
121
264
223
4
11
31
55
240
81
497
148
61
214
330
30
486
136
1148
181
115
47
652
518
87
281
43
60
257
270
268
67
184
108
342
1036
148
81
312
57
39
241
303
221
143
812
2329
469
45
853
369
16
61
126
65
158
1064
9
223
379
200
58
416
208
437
219
85
620
128
293
530
242
162
44
60
29
25
76
148
166
240
48
6
58
115
506
42
59
95
54
18
234
618
800
20
448
17
507
340
196
159
365
377
105
126
480
2855
105
87
194
573
206
26
51
239
794
828
227
319
104
416
315
17
767
80
189
1872
393
177
60
910
669
283
614
503
553
570
1227
204
1281
443
286
721
588
225
132
1007
12735
1869
1971
114
2567
69
327
365
2389
397
930
760
1245
1585
58
72
237
534
21
692
272
457
617
395
558
168
1018
295
384
367
32
167
33
872
106
183
558
439
382
107
241
355
252
100
379
122
888
58
565
912
1438
1899
3364
1236
1066
740
159
658
674
923
98
728
101
430
169
716
321
295
1024
1251
153
182
612
566
109
78
241
154
1
201
86
463
528
449
2250
54
227
3998
130
5034
2031
2824
1528
714
293
971
4009
15719
1780
5570
6822
3762
777
484
11763
3612
578
1081
445
5007
882
5220
47300
2767
4274
6834
303
318
762
124
11247
3009
411
1163
1696
4791
326
4
598
1013
159516
2874
1302
20
12484
248
351098
9095
147932
