20
82
172
86
39
42
13
37
38
20
12
32
62
8
26
16
23
15
8
44
52
22
17
16
2
64
3
15
18
70
14
27
66
28
3
36
114
29
6
50
35
30
61
33
61
64
37
158
55
18
61
36
99
67
3
36
165
97
12
121
60
164
29
116
60
2
116
142
49
2
239
68
69
20
25
44
5
49
2
12
22
13
79
72
55
16
37
86
79
74
36
45
30
109
32
31
261
298
18
80
69
15
117
72
61
272
185
80
41
11
6
43
17
38
75
2
4
178
210
21
152
51
142
105
126
94
196
16
249
74
36
280
31
545
98
42
116
269
158
61
287
45
231
47
51
7
39
280
257
45
30
21
39
52
288
77
546
9
323
221
231
134
136
203
120
11
168
61
26
80
122
52
147
61
215
39
141
74
128
19
15
16
71
34
48
59
101
91
15
18
14
14
41
76
61
3
62
288
12
102
89
39
13
77
21
68
63
20
172
311
195
38
285
130
219
806
553
112
513
58
186
716
181
47
196
71
724
47
52
126
539
973
302
98
39
48
113
83
152
288
12
101
52
379
31
111
702
22
163
107
90
526
471
421
1152
897
21
411
1594
328
656
62
1161
971
3441
46
4310
3878
2028
3
3435
662
3670
721
800
56
757
831
1362
170
309
1065
600
624
406
302
141
992
94
112
229
244
316
154
283
40
349
64
100
42
155
110
146
57
18
775
767
96
16
92
222
86
151
684
173
1
155
70
34
223
135
181
267
11
7
349
0
25
182
28
137
8
118
132
79
76
82
264
88
55
62
348
50
126
61
143
19
1392
645
495
2
187
463
127
116
738
268
227
492
363
607
142
219
294
1090
537
56
486
189
76
364
295
35
933
11
121
553
57
125
627
41
244
866
26
314
289
108
216
354
115
113
39
342
140
97
32
239
250
718
1155
334
194
110
89
101
229
636
124
160
270
94
188
114
116
16
448
138
194
62
377
6
319
87
671
1008
399
169
770
675
681
1134
353
363
608
526
117
162
287
2
262
98
972
214
140
162
477
269
180
64
184
19
45
36
76
8
3
6
93
80
295
186
230
89
115
275
1929
1256
2369
461
256
1711
114
45
34
308
246
427
298
931
560
530
634
521
2577
8754
316
6606
3658
1568
1374
146
212
1061
3071
385
714
57
1298
476
54
1307
1363
388
369
2047
1017
469
624
445
192
98
1924
934
998
3027
876
754
418
2359
2595
377
68
250
3771
655
2506
1839
2243
1811
447
36958
2374
1554
92
813
1439
2324
302
340
1333
2224
2627
1553
2466
134
1091
968
3530
472
277
371
525
717
3412
111
539
98
1138
4529
951
832
83
1783
6856
36
204
1574
1686
30656
10419
3030
140
37109
60587
6984
5411
3344
19836
20669
1324
13246
9944
3138
2196
33868
6208
6519
25088
42520
8223
42802
83579
435
438
6862
893
