27
47
22
26
40
71
12
63
12
12
14
23
54
3
34
11
47
6
8
187
75
14
66
89
71
11
18
45
45
5
32
6
63
61
65
99
97
14
135
45
26
71
14
1
100
38
120
109
5
35
169
181
241
55
81
17
57
25
3
26
98
37
144
6
79
34
3
16
103
13
40
84
78
72
56
127
10
16
7
5
22
49
24
34
58
96
134
58
128
74
12
116
135
29
193
54
109
22
18
19
84
24
149
10
136
49
92
62
111
98
44
8
23
30
164
58
24
155
74
24
105
88
99
132
211
196
40
345
5
124
148
320
49
86
52
42
274
70
32
52
200
6
86
144
89
85
41
72
32
126
5
46
45
91
160
148
251
144
70
155
186
13
193
86
120
96
212
24
7
190
370
562
91
37
51
81
277
19
113
597
110
121
120
413
30
478
12
228
462
178
11
186
92
123
31
62
295
203
25
31
10
300
125
143
17
5
98
80
59
2
193
647
45
55
41
67
39
184
72
30
17
185
35
0
99
35
48
64
126
13
144
78
199
118
73
296
98
85
80
174
205
205
49
25
83
784
67
96
172
412
533
181
203
128
537
25
126
116
40
374
127
8
192
206
147
115
153
44
348
566
370
394
41
177
91
531
24
1125
641
152
123
91
378
84
328
280
917
210
203
157
883
943
547
93
2909
619
1522
2221
829
6169
76
1880
381
2580
15
1345
59
95
1201
287
287
96
28
489
506
283
1134
204
355
1103
675
123
83
756
67
1005
209
163
64
62
913
202
100
49
539
107
94
133
106
183
117
217
327
243
103
93
192
157
56
251
6
339
15
142
204
164
110
181
44
192
73
52
3
33
196
218
12
76
223
63
208
206
175
241
149
80
42
106
214
9
149
25
47
156
119
32
634
192
202
60
98
28
270
104
52
13
39
67
17
27
170
230
13
65
252
67
82
142
651
369
413
302
160
428
108
49
107
128
163
40
46
252
154
135
63
304
175
34
344
1
308
215
132
17
103
42
31
142
4
396
102
90
157
28
227
112
47
65
293
192
37
8
61
65
133
1
164
27
257
141
143
42
32
0
30
220
29
4
52
69
39
17
71
61
32
244
88
43
51
89
272
70
20
82
34
66
100
224
376
64
15
207
208
153
988
168
626
1142
185
1292
1178
337
677
436
287
228
2411
271
645
253
258
243
651
397
730
145
740
1596
1064
350
124
25
54
418
254
489
3910
793
1282
604
1625
250
166
352
93
396
2382
2140
4419
1954
10346
631
5118
5985
738
183
3340
190
937
242
1333
271
1309
570
535
128
122
71
425
53
1084
132
390
37
314
71
154
845
300
375
247
73
192
27
43
9
43
677
164
207
185
91
94
41
151
414
401
103
92
85
35
89
131
208
201
213
406
146
323
8
35
445
43
561
297
629
304
199
184
34
111
1288
129
168
155
425
10
15
38
127
379
212
345
32
50
14
405
261
327
35
4
239
105
271
51
61
39
194
198
376
24
423
97
165
107
1615
191
3505
3110
2198
2113
644
196
10945
486
29305
1582
24598
8657
10617
47639
107
7625
3351
19019
58847
5034
10012
82
19
2129
1501
3268
9236
3236
484
652607
