20
78
6
120
17
95
36
207
88
13
131
222
39
11
93
3
25
97
6
103
279
72
50
299
98
88
1
106
59
110
323
23
175
97
25
234
59
120
16
10
112
0
13
20
11
15
88
32
38
17
0
4
18
192
45
11
18
2
6
93
47
41
52
83
44
9
4
42
60
30
87
13
6
58
44
100
84
28
5
161
30
119
54
1
34
52
45
3
0
107
57
25
115
37
85
35
63
112
118
87
14
150
61
29
20
70
201
144
40
103
58
144
667
82
48
47
78
20
69
349
56
66
4
280
18
113
5
47
21
87
29
170
56
171
12
110
35
227
315
98
204
99
165
323
294
97
326
198
10
244
207
63
193
137
101
329
55
50
198
241
231
20
3
97
87
156
8
238
58
100
105
131
54
81
16
82
302
119
215
19
2
141
148
24
62
59
114
142
151
99
220
134
14
63
249
13
71
27
28
111
27
12
19
109
49
61
72
156
22
103
130
16
25
164
121
46
375
3
14
3
207
8
59
8
9
9
143
66
137
120
104
287
2
94
199
61
214
209
106
33
81
104
159
18
62
34
46
143
14
169
110
1
153
20
10
215
288
173
102
124
219
115
77
118
68
7
119
185
54
176
80
94
69
13
146
62
62
28
380
234
37
247
48
35
243
12
16
121
57
131
17
3
92
140
22
8
58
48
176
74
146
168
30
19
35
296
234
68
115
15
59
77
217
139
21
59
401
394
798
87
579
160
79
492
161
106
297
490
6
222
359
67
9
81
556
698
554
125
54
286
25
143
1
362
257
244
261
170
72
131
325
1002
259
18
2142
300
569
932
390
748
338
209
42
18
1574
988
403
500
1380
543
3766
19
1412
1060
2204
929
934
21
3367
1603
7017
306
1117
17
674
454
1161
817
224
196
525
1133
84
133
138
715
41
277
1584
98
134
590
154
240
20
317
532
416
408
1049
109
132
347
33
198
139
15
231
53
35
64
32
63
127
248
40
134
69
180
368
240
478
689
91
195
492
440
134
355
33
296
54
234
122
57
19
116
114
113
111
245
118
446
224
2376
58
46
29
160
382
328
237
165
22
191
256
32
0
196
170
40
51
94
173
12
111
80
616
85
24
115
271
357
55
127
80
400
310
26
567
170
40
32
314
3
40
153
123
38
378
221
246
217
35
172
139
335
20
253
554
266
482
30
258
68
154
132
192
324
148
1078
68
150
843
60
70
120
96
129
26
74
100
103
118
9
249
83
98
25
69
122
290
63
178
120
3
93
217
133
8
78
54
510
214
161
235
57
208
84
692
258
60
109
295
584
155
1042
256
216
235
18
96
60
209
51
14
5
238
6
76
7
7
377
44
306
62
152
19
261
235
151
110
3
153
420
166
116
215
68
272
30
140
260
189
153
347
134
399
257
54
78
178
62
448
50
35
12
78
175
22
195
32
201
86
182
534
108
82
73
683
238
6
488
10
56
274
81
99
196
307
374
201
91
0
266
28
203
77
136
633
203
634
546
928
867
305
26
325
2280
1637
1005
1476
34
3171
2661
1046
941
285
437
1098
1324
1339
642
5
684
27
196
331
360
3326
21
84
791
432
42
74
150
233
120
242
232
268
336
178
91
399
17
238
89
30
62
200
56
187
10
251
59
202
236
998
1159
42
149
86
358
353
350
288
12
9
569
35
53
1
3
386
323
263
104
47
328
149
38
126
77
322
4
177
55
152
147
10
404
113
178
159
54
298
583
121
41
310
1046
391
128
9
146
387
80
3
79
21
154
109
315
327
18
65
268
17
1
58
116
123
24
26
14
38
49
171
50
133
54
65
272
131
7
81
9
87
88
107
72
5
45
17
9
6
137
171
47
30
11
72
11
30
93
86
35
9
9
28
15
139
108
81
82
35
5
81
4
55
12
1
27
29
24
102
8
17
105
10
40
330
140
329
12
3
49
111
187
8
57
196
101
433
90
108
27
8
27
66
85
212
10
91
252
175
21
20
6
2
93
170
57
238
2
110
23
20
92
269
132
74
189
160
174
146
34
112
177
243
221
2
16
89
56
153
317
29
49
271
162
2
28
250
334
54
70
344
170
123
9
45
54
151
13
108
420
316
118
2
114
31
325
29
290
164
73
153
974
83
286
371
90
1040
400
403
66
55
69
2
179
15
570
182
183
643
54
1430
144
232
703
21
12
161
309
186
49
64
195
72
113
257
234
262
28
789
341
212
902
1511
127
54
433
140
79
565
1718
54
769
614
3
4
1283
129
596
264
54
22
197
676
48
141
138
68
431
320
171
70
241
308
662
200
53
519
241
100
114
104
37
413
373
57
353
77
271
1301
1298
378
904
1441
254
2138
757
3008
5301
42
1955
954
200
731
29
776
500
1034
1092
94
340
738
845
573
546
107
78
315
1087
247
425
741
66
671
263
73
693
29
5
374
7
443
140
135
787
224
1443
43
14
410
19
1034
396
844
392
174
119
646
158
722
85
284
271
784
366
503
46
583
1154
56
221
8
481
51
57
35
220
158
262
208
82
716
82
221
92
301
172
7
165
372
591
38
147
416
2107
259
68
946
754
1845
256
517
502
59
289
161
262
151
1075
1145
2275
419
328
469
255
248
7
1577
1174
929
46
82
270
196
620
306
1519
657
873
112
407
2358
237
187
10
0
1503
3664
204
899
6666
4157
21
848
3977
6226
4930
1940
693
3317
868
482
452
107
93
124
1666
3491
2766
1174
1106
409
314
527
479
2621
748
4060
4353
1765
332
1351
32
159
704
513
1214
6383
1433
55
645
239
706
212
768
530
208
500
1403
648
280
320
607
356
63
1365
1151
217
1401
841
3140
353
375
1636
869
2365
6804
14437
1373
716
498
101
1048
521
1136
296
2489
496
670
54
173
88
27
832
229
306
190
226
20
602
154
757
28
309
326
100
155
647
188
1385
298
92
136
658
116
465
727
119
747
131
129
388
147
5815
115
2499
55
700
337
590
671
1205
1443
557
123
759
1964
281
1254
424
370
246
668
140
418
1950
2633
627
546
530
397
3258
445
381
183
443
130
474
979
2902
263
965
211
191
43
27
237
943
42
705
240
747
5471
5830
4579
1377
6427
2154
4750
46
884
415
230
228
118
1243
99
8
350
114
292
392
638
275
175
112
507
104
71
662
115
186
174
75
113
264
5
746
221
237
70
736
11
636
40
723
99
233
887
235
1661
1378
490
468
1227
92
492
107
908
916
312
184
80
3923
312
656
512
282
808
334
1160
28
127
136
472
750
253
1906
162
706
450
274
862
482
518
5691
903
225
660
967
677
226
28
43
27
69
79
92
30
165
406
416
239
172
7
141
