449
28
44
205
42
5
42
82
286
102
86
31
214
67
251
172
68
92
120
124
57
76
57
84
66
120
59
9
29
146
57
212
12
161
403
72
19
21
145
1024
574
36
207
116
175
391
168
104
233
1102
186
426
1427
1209
2009
62
1051
1599
473
617
1407
2785
129
1533
538
2585
197
2071
99
219
463
351
1422
236
363
2071
599
59
25
370
739
234
785
273
985
626
190
260
49
657
382
152
27
333
550
66
177
1157
974
678
3
72
39
192
1695
670
1939
616
1023
3
267
638
663
260
163
387
463
30
625
43
146
2
318
249
529
157
144
897
18
642
80
460
585
205
95
737
1108
40
679
615
216
365
1261
23
132
117
183
182
63
103
417
222
133
32
774
600
213
566
576
339
132
648
142
956
789
928
47
641
601
102
151
82
165
121
372
255
119
1187
293
70
106
140
336
340
194
234
837
1281
251
49
442
975
741
630
203
293
161
174
39
160
418
306
334
898
112
133
162
887
61
186
1213
1110
186
34
2889
1681
3297
1496
7015
6343
514
7059
3714
1576
531
1465
485
1
223
296
27
412
3
1013
134
291
601
564
114
38
788
316
796
26
48
234
68
132
469
277
441
179
985
70
390
7
922
51
401
760
60
1245
326
34
33
119
2153
700
1004
1518
260
1847
89
118
408
902
160
970
161
276
149
54
3051
69
655
120
664
2203
963
45
172
414
1527
113
234
1078
1777
24
1503
303
384
1308
1163
153
219
1402
4511
1683
3066
8300
7340
1010
8618
1434
3492
174
1460
174
757
2101
1258
215
69
153
379
572
283
433
68
198
95
1765
1210
825
237
298
679
4055
1195
11631
18660
1221
22695
6574
1014
3648
1738
6781
3977
711
301
908
11784
296
271
113
486
578
55
117
58
268
123
480
1090
236
150
42
157
1833
27
216
389
295
1201
279
414
215
368
172
673
73
2908
498
3260
1134
867
1116
723
519
400
4147
4465
579
1236
26212
3850
2700
1072
159
24103
7993
1197
1531
2139
1397
1
364
39
332
751
1516
2384
352
86
396
22760
7476
5878
1205
711
346
2810
4611
2941
43
15960
415
10050
178
2634
217
911
6381
4925
38252
10625
784
3070
1612
1035
14174
6855
3188
302
1527
215
128
97
1207
340
657
8
2112
2462
2031
170
9330
16307
244
564
825
66
534
6319
13800
2823
11924
491
167
12913
4392
55649
27824
34460
1678
86885
6997
10698
590
879
16745
1438
51499
44927
88147
429
792
614
715
1170
164138
8067
35630
814
1616
1805
2134
1071
6172
2767
4385
1392
1035
263
2074
15056
1598
1213
700
2528
240
293
3107
1173
2758
24253
9488
5698
1565
1125
4635
3669
27311
92732
6625
50596
5382
515259
10743
905
5628
7175
27527
8529
