119
56
239
38
40
308
80
46
17
169
366
6
61
48
82
41
40
72
120
124
24
8
29
2
155
30
31
49
22
25
25
12
96
23
87
3
106
2
12
56
21
136
110
21
365
1
67
165
94
51
38
127
35
16
87
12
67
45
122
53
90
32
15
45
18
92
43
28
65
293
67
75
110
23
30
5
98
140
12
39
12
22
34
1
49
46
186
191
43
62
41
28
18
12
39
12
199
233
16
53
218
21
24
13
42
22
37
26
77
8
27
41
13
39
8
118
195
20
111
7
39
29
44
62
207
130
87
6
73
22
141
66
27
151
41
4
1
31
76
47
2
27
20
29
41
83
37
46
96
62
8
10
103
96
115
40
46
13
76
6
82
13
90
12
66
49
81
141
182
85
15
268
79
67
248
37
41
51
40
63
114
352
107
26
20
24
124
45
89
11
459
156
78
4
52
3
77
121
164
30
129
209
69
2
72
39
15
140
3
31
40
16
45
59
16
60
76
44
46
17
96
8
35
10
52
72
0
50
81
42
107
74
22
95
112
308
445
53
166
56
29
180
114
81
9
18
6
101
129
91
37
90
16
36
176
156
49
29
147
38
33
12
78
25
50
28
6
34
41
6
29
9
34
60
121
77
47
36
212
29
109
182
95
80
27
21
31
135
51
267
131
177
29
3
10
8
41
91
108
0
9
144
149
25
3
62
55
185
46
136
38
107
14
74
78
442
86
10
154
23
12
102
114
35
13
62
16
93
391
52
70
226
372
155
57
84
105
7
121
52
115
65
134
127
301
81
20
40
115
15
139
26
70
67
13
168
70
47
9
99
179
15
53
220
182
286
289
15
4
277
271
106
205
65
345
89
56
280
1299
13
556
1656
719
2712
109
2374
396
33
81
442
91
109
199
278
720
341
8
1345
2858
1060
4123
702
658
1155
205
236
500
519
749
926
2
105
332
195
24
370
22
55
238
80
71
506
190
476
807
208
761
260
47
62
33
53
300
24
140
35
20
113
7
240
239
280
101
101
71
71
71
92
186
14
466
241
123
268
124
553
248
123
65
182
413
21
15
221
60
72
20
168
211
68
261
19
33
17
813
889
286
28
77
43
225
53
163
136
138
210
14
107
27
226
129
80
59
85
130
95
64
349
101
44
353
79
6
82
185
28
16
91
16
28
10
105
126
134
40
68
31
131
58
93
33
50
219
6
28
114
59
38
150
54
56
750
91
169
260
20
327
957
253
162
162
269
106
27
43
573
375
132
142
96
278
162
180
142
54
17
79
7
29
186
354
36
148
472
181
196
209
281
33
236
16
43
59
93
349
133
11
55
34
1
23
5
0
173
47
93
78
83
83
6
29
3
105
21
38
105
30
2
0
74
162
242
6
40
78
30
31
142
27
93
24
51
34
69
45
54
56
9
46
77
43
103
4
16
21
3
120
55
36
18
2
56
102
50
15
126
67
114
11
1
36
120
52
185
124
57
6
26
81
70
31
106
44
61
7
367
124
168
1
335
160
680
153
229
111
148
67
4
545
54
116
182
34
190
116
4
115
168
82
284
209
61
55
106
301
2
78
25
273
47
40
122
75
28
234
172
238
239
30
146
3
116
136
13
44
6
99
27
18
3
116
21
29
274
230
3
59
323
151
111
131
350
5
127
100
84
20
146
85
169
1174
201
197
63
15
4
148
94
312
570
111
112
178
230
138
350
265
15
46
9
86
156
363
231
2
84
37
27
242
142
308
2
197
124
11
424
26
13
444
21
321
24
209
42
