298
115
244
303
107
62
104
56
121
88
89
10
20
125
51
6
21
135
19
59
26
212
5
55
22
12
31
53
120
19
67
13
36
13
89
107
150
15
25
21
0
49
95
28
303
12
152
59
39
64
13
42
114
189
2
69
29
85
33
66
148
74
102
10
66
19
116
26
109
11
16
69
153
35
213
35
92
104
65
71
182
38
117
20
5
245
112
388
361
156
143
208
369
154
16
83
27
139
79
443
88
317
125
132
48
122
1
363
37
154
178
52
148
194
85
93
450
192
192
29
235
19
129
400
113
60
28
313
211
461
132
172
30
497
108
356
12
248
362
219
89
91
19
14
535
86
294
26
10
93
169
86
132
40
304
250
227
48
19
432
120
39
47
75
172
2
64
89
29
206
173
34
440
10
192
227
468
256
2
190
62
410
259
43
601
237
246
23
17
61
186
89
244
39
422
25
16
46
194
394
222
282
179
342
157
55
149
126
339
335
54
51
8
15
343
318
26
67
131
259
110
134
158
631
28
92
165
100
66
142
614
98
30
13
43
14
270
363
46
251
149
107
127
95
5
23
111
72
55
54
105
124
120
23
60
0
149
112
262
3
61
52
11
15
10
7
104
301
38
6
12
373
9
54
27
254
149
634
139
23
214
195
86
136
217
261
87
158
114
106
166
344
600
278
363
25
1482
706
1605
1031
131
186
1373
99
859
1421
4127
577
3067
69
836
1796
2607
981
832
305
952
168
333
265
250
254
330
38
10
326
481
310
885
1354
20
346
60
154
49
146
94
227
3
184
220
62
160
83
25
306
154
405
108
173
18
112
35
109
129
51
35
16
242
247
30
297
873
176
104
293
12
33
29
50
13
40
7
338
70
118
93
202
163
137
97
35
12
165
136
256
387
141
237
3
6
265
707
70
46
235
148
24
358
381
400
64
353
281
336
54
218
262
56
108
14
27
230
91
1
91
68
55
24
91
261
555
89
383
67
59
38
190
186
38
40
7
358
10
68
158
396
35
327
65
114
729
76
27
217
86
181
144
132
745
130
156
48
312
215
12
139
71
217
52
1
40
117
87
72
170
352
43
393
25
11
206
1
103
75
203
132
119
61
94
35
35
62
194
101
2
116
126
116
19
88
8
710
69
12
142
12
102
121
241
289
329
401
350
120
710
1016
1598
21
207
110
97
661
411
213
540
71
306
190
100
69
321
429
202
154
442
203
195
306
138
246
29
94
21
87
83
194
71
37
195
146
16
100
45
54
12
233
167
169
82
105
26
55
55
1
84
46
16
163
5
80
20
74
6
20
62
18
27
38
86
41
104
46
30
66
42
29
117
116
74
5
100
1
36
156
58
89
128
3
37
201
165
196
0
19
468
336
178
435
36
289
11
41
283
100
238
8
42
146
402
376
149
197
129
82
113
278
323
81
420
135
770
103
190
141
780
800
358
1541
308
376
297
119
221
159
183
567
296
553
16
7
91
445
337
566
516
144
1004
5988
936
205
11456
654
239
467
