48
89
31
38
60
103
77
9
7
198
36
153
48
18
20
50
30
50
86
73
40
87
22
9
52
68
22
94
7
1
7
30
11
18
57
34
117
116
13
14
119
7
59
34
65
2
31
99
32
6
92
5
9
20
15
193
15
8
35
49
2
9
29
16
5
224
75
35
83
22
16
108
1
21
9
178
4
39
9
13
34
144
127
6
64
37
28
47
158
83
14
101
54
12
116
7
34
52
57
26
39
36
7
24
37
38
14
59
57
24
122
70
34
36
150
31
25
15
7
24
41
219
13
70
32
66
17
6
53
29
8
63
107
1
44
43
47
99
3
16
10
7
159
94
61
165
279
58
37
311
74
200
107
37
146
26
112
60
242
310
9
42
7
37
523
62
235
177
30
576
1
139
64
86
124
14
74
176
260
64
444
63
68
128
160
57
354
267
121
178
125
90
304
102
237
309
407
1
524
361
41
187
418
51
29
335
220
47
421
27
176
133
219
114
30
38
277
190
368
77
515
199
57
154
324
170
83
131
697
300
470
177
29
41
27
62
51
272
298
132
10
939
12
42
17
163
22
251
396
192
97
31
70
209
341
95
495
69
194
149
1368
381
420
513
472
197
21
85
114
209
381
128
227
352
325
120
187
1760
113
447
184
147
82
479
2050
776
1045
1540
110
1213
18
2364
535
52
1026
210
825
913
340
99
2449
1220
34
361
416
363
267
203
22
237
195
190
281
1826
465
422
583
350
239
134
333
672
20
1
286
610
237
1
304
476
423
265
92
95
138
276
268
460
36
306
378
52
6
253
1587
322
179
1742
131
2710
59
595
128
1311
67
1103
2650
441
1163
131
385
970
54
1339
1498
150
378
313
160
128
472
459
239
265
912
476
712
460
25
109
354
279
84
656
354
14
39
131
435
555
221
183
408
21
31
174
681
121
8
257
567
69
22
300
64
40
122
119
309
115
92
99
32
130
122
147
22
233
139
115
66
210
180
9
100
174
349
30
68
211
198
17
109
436
41
228
300
64
43
122
133
99
253
16
69
118
23
105
15
100
28
35
120
57
543
296
1347
529
687
251
448
152
2127
429
130
698
561
4994
1138
690
462
584
47
780
5574
3557
2430
1194
12975
4494
559
3328
6342
2639
209
787
154
233
1827
901
460
677
998
546
493
258
196
131
451
472
6515
458
323
2130
284
316
615
45
132
1724
372
228
2
805
274
1409
3668
6417
2519
451
153
643
2875
257
205
17072
27868
9278
6493
723
5863
5398
34437
1055
92159
5285
1467
967
7010
69
