570
1529
1165
530
114
583
77
104
42
37
100
78
531
395
731
76
552
113
458
255
238
99
85
322
812
491
163
12
176
790
484
3714
363
83
466
173
498
23
103
301
406
21
61
183
109
63
317
52
25
153
462
299
89
163
600
141
34
3
74
599
401
33
390
85
159
166
421
223
35
287
79
180
56
49
86
11
673
86
1130
346
84
789
760
118
1099
499
734
370
177
310
617
992
2504
2043
5736
810
5907
365
747
293
226
347
1234
141
281
1459
1232
35
1353
690
1618
1269
148
138
1054
245
1654
271
390
184
244
417
332
650
736
1847
85
185
42
571
149
309
3
167
23
99
251
438
21
288
120
872
87
192
325
119
20
148
307
77
34
215
43
263
15
153
0
36
148
115
11
94
195
51
65
13
227
347
55
240
364
762
762
265
651
807
125
385
126
3113
98
531
468
2393
392
94
634
155
689
363
128
4
291
228
124
725
350
34
43
184
221
117
46
92
451
62
105
560
239
163
90
57
178
229
77
345
2969
235
145
71
912
323
265
70
216
209
99
88
32
730
882
240
1268
2025
335
151
572
88
209
26
771
556
250
1186
638
435
229
864
675
109
694
822
246
918
3000
247
1391
27
31
302
413
212
1757
2715
1266
428
9122
874
447
509
1829
468
3663
347
483
371
1251
4018
833
947
1373
227
146
38
1540
118
1584
701
1375
98
44
48
66
231
95
124
463
95
628
161
181
33
1745
718
866
404
486
1634
605
944
183
138
288
442
523
24
781
1177
751
295
198
211
441
899
2798
3765
261
397
427
3149
758
1074
1247
18873
307
10501
2525
5768
732
188
1018
2845
9676
883
851
11330
2087
32
865
386
725
632
136
1813
1644
739
2366
1646
972
905
103
163
1785
827
3467
2364
2114
6129
12932
11506
65
918
3192
7206
2987
14895
301
433
467
4594
79
74
799
2478
1614
198
4520
1192
256
391
2784
150
685
4862
1217
1018
30885
4151
2667
726
27
105
1009
278
3980
3091
379
105
65
296
114
2
221
70
1609
293
571
219
1157
898
365
137
372
284
1077
153
227
359
239
418
125
548
313
940
1065
324
892
807
1661
147
781
45
989
5435
4762
3782
1404
3990
2038
5122
4900
16246
240
2383
1539
297
1296
5158
1444
766
1441
1543
4817
97
2006
3904
3537
9241
5571
7386
44893
3102
20620
86315
1121
5513
2747
9679
3622
16568
4362
13032
25287
61353
28864
1934
996
8276
582
7317
44937
2909
6479
376778
36725
10912
181
35326
2886
194
16519
10114
13337
564
48
28159
228302
533480
304363
