510
292
329
59
728
521
66
180
24
404
207
80
259
84
4
144
381
89
235
85
643
64
192
158
264
780
142
9
317
120
1376
152
18
162
6
4
209
195
97
0
492
256
94
139
814
525
887
1506
244
118
1469
127
732
552
336
168
174
410
925
24
521
16
1178
1022
869
1903
372
701
3260
1151
590
973
3343
1868
662
4584
623
674
5431
590
610
379
605
223
402
343
843
132
1603
4071
6
21638
2253
263
1551
195
202
1040
15
554
396
377
100
165
305
993
589
732
2059
306
1393
99
1196
397
6
7192
2189
1111
1326
726
2170
1401
603
5018
30
30191
2854
19577
1157
1261
58
2058
747
3110
8693
37381
24126
9434
7721
15806
6181
6798
3279
102
15177
167
32696
1004
7442
2769
8281
18073
11772
5375
41
50682
245233
1339
2997
421
88087
1775
286
1815
9167
1029
33508
27864
6530
2472
163
38011
1615
42165
818
17213
39
21554
192
6129
3634
63649
71223
73535
6114
16370
3539
992
3266
104352
51151
689
34716
69866
1604
16248
1691
50610
9191
6366
2119
918
154642
95101
684
4105
664
3177
16135
1226
34120
27
797
21589
76992
70979
15374
15912
2124
1509
3905
33246
14424
1001
1521
5470
7769
788
211
433
1397
2561
262126
782
2519
4300
1540
495
2331
58843
20495
55724
101000
324
4512
4432
102
12791
6067
67442
13634
114
1210
424
18758
762
27016
724
14491
3498
46
2437
74518
151
93477
4717
4918
1654
1120
882
128
4812
183
3111
8466
63142
1481
245777
324447
5969
4221
1236
3156
453
1633
1120
388
113
368
619
779
1011
417
94
6053
1375
2173
129
783
1935
450
2489
2519
2525
3441
308
4846
64054
40706
44
69931
42570
6700
731
169731
1653
11118
458
29514
70365
63
2276
281
4705
3879
62
1158
66812
88290
243858
2601
52662
29674
104436
2507
2202
65257
16976
20243
55958
7162
373256
92425
306804
878593
1961
5775
1381
6202
867128
387523
102
641
270
17
45
96
459
82
368
445
815
557
760
1170
6581
3054
20886
3264
3036
781638
1018372
7692
1009
15605
18017
15501
1275
24772
3615
104188
36227
13987
187462
5609
652021
644437
490
415884
11474
154852
12264
91293
56158
2853
7630
1338241
25473
163
1257
10061
286
57
3110
1094
604
1905
1124
501
226
296
1331
1107744
98395
22008
207
197855
27348
4615
2937
1157
14933
