32
13
93
30
112
8
58
38
30
8
20
40
34
98
59
29
279
215
6
17
92
85
32
272
72
19
99
7
4
65
1
101
59
165
18
170
9
16
38
3
7
32
115
56
109
175
4
154
85
182
68
389
81
43
23
96
169
40
169
96
1
37
19
19
2
57
17
190
178
102
22
81
60
22
125
84
98
351
44
71
208
29
64
99
57
2
123
11
70
27
65
27
37
61
18
151
78
15
90
447
76
89
14
76
253
90
134
46
123
147
52
14
31
19
3
50
143
103
131
50
30
319
90
187
26
7
30
109
37
108
41
24
71
97
1
61
285
213
101
49
1
18
29
34
128
115
15
68
47
82
121
15
2
81
26
134
78
95
32
22
166
211
62
37
378
5
58
134
67
127
19
82
4
217
142
62
82
240
31
297
172
95
9
115
41
133
90
103
41
106
103
169
344
266
125
41
18
384
7
253
284
132
13
504
2
272
13
69
61
102
150
16
547
35
12
213
21
56
573
205
88
479
31
408
437
655
410
8
724
20
407
108
63
145
278
168
269
20
300
362
579
43
17
64
228
951
526
106
588
977
1057
486
505
897
959
589
6
71
138
103
44
191
1820
30
1750
33
877
241
169
1018
268
317
48
143
872
233
72
851
1417
168
94
49
1112
436
606
261
64
180
3
4
186
215
61
42
701
269
415
327
136
321
346
166
27
216
91
449
260
121
27
119
15
79
139
64
36
59
216
62
140
76
380
117
165
87
30
60
193
152
162
276
346
70
38
406
32
37
59
128
253
25
13
136
140
1078
10
2
368
225
117
289
65
10
121
15
418
114
332
294
82
99
143
190
32
1
76
47
38
368
155
209
381
65
34
7
376
210
130
173
8
202
13
24
246
96
29
14
81
400
2
134
941
13
71
6
283
167
89
190
211
82
67
7
89
101
170
409
44
142
360
79
304
8
206
131
111
257
21
521
612
226
93
459
326
351
238
110
16
96
479
141
1312
49
157
37
290
793
284
317
389
202
559
435
446
96
25
92
287
407
216
737
675
270
211
237
221
160
313
141
425
183
50
86
1333
1180
131
342
64
435
10
1528
1435
10
627
190
727
69
102
72
505
22
40
89
728
152
44
261
317
237
696
98
246
689
110
49
15
1221
135
462
851
198
57
1686
294
1351
28
320
42
31
350
52
228
30
91
62
2099
522
918
4032
100
184
128
79
47
1209
1941
5092
156
3088
4021
369
683
6502
1683
1309
500
39
401
1271
179
697
346
22
49
569
3685
2234
2172
239
32
620
611
346
864
123
665
78
314
37
109
450
267
460
875
1065
180
1277
335
3521
221
4291
191
398
291
1309
163
358
919
605
3615
509
2335
1914
295
2044
250
4755
213
2590
1030
2641
231
263
507
31134
401
458
1164
5416
139
1509
1670
43
1184
1204
60
8319
2240
1211
3387
208
6174
111
735
105
692
5504
11343
7260
951
30341
1824
6141
2001
3114
661
4710
5604
5590
108827
161374
1935
50003
3746
10151
