48
78
175
20
29
35
99
78
12
173
243
41
18
16
134
11
42
66
36
208
1
77
108
4
27
60
144
35
103
40
54
45
41
363
122
185
233
286
182
640
85
579
89
35
13
246
54
178
85
218
91
454
39
158
83
105
5
245
392
26
271
66
54
181
72
28
97
738
385
282
54
72
130
52
166
75
85
151
90
183
22
156
7
565
973
1
614
86
258
15
166
541
349
210
471
564
241
62
435
15
383
34
478
120
115
115
115
223
11
169
17
54
275
30
234
374
281
3
109
29
91
106
327
253
711
24
65
288
8
667
49
137
93
543
117
498
657
244
267
870
806
171
279
9
685
478
47
25
241
1066
204
325
123
245
73
143
785
148
212
169
86
39
101
86
70
47
149
8
587
67
65
129
195
86
197
1047
370
471
50
550
349
359
266
288
75
103
825
63
448
231
40
152
373
208
231
262
22
179
150
78
306
138
106
6
80
144
118
26
339
407
601
176
532
52
177
1106
102
450
59
357
239
161
392
126
1
181
218
76
348
93
327
136
71
333
1840
113
139
991
696
407
257
1426
127
70
261
62
460
193
88
302
3322
825
1020
945
937
3421
1395
1579
1530
332
1460
3017
325
337
252
130
24
873
1532
75
132
298
85
954
323
1663
1087
470
18
116
1228
153
0
160
490
8
179
571
88
63
70
337
1
1158
452
7
316
13
458
199
357
414
145
324
1270
2141
204
50
83
358
379
120
418
120
391
200
627
57
158
79
169
50
20
343
456
726
512
557
943
1872
110
174
330
12
204
2538
530
238
365
494
961
587
651
30
462
637
664
901
199
213
165
425
326
874
198
79
129
202
45
265
94
71
767
598
632
505
35
513
184
886
467
766
319
1111
575
1433
108
241
45
378
459
281
555
303
265
190
126
30
81
379
969
11
187
225
815
1022
428
1455
1400
1596
188
1880
636
134
557
606
336
981
4279
707
432
163
2482
590
10019
416
803
2382
2393
1499
19
187
1431
683
1102
366
13846
1014
265
550
0
293
2130
1941
230
40
2063
1671
9045
1300
291
3445
6973
889
466
778
110
373
235
538
779
406
272
111
167
485
219
149
115
287
161
320
585
268
31
108
534
196
80
132
51
124
401
323
336
229
398
1550
585
357
1456
1647
8649
8315
444
526
970
1678
328
496
443
83
223
185
352
95
156
40
65
60
166
206
695
405
481
754
1512
827
1515
61
1463
4782
6542
781
1276
696
1537
8
4469
1543
488
437
3603
106
3060
499
2046
729
1100
2164
126
644
635
324
181
1095
120
580
52
1445
3927
140
337
1685
452
339
265
172
1058
1967
637
13793
6259
1521
1797
1724
357
1754
1450
1967
1306
217
1541
748
159
628
188
1581
870
299
4764
1063
955
454
177
2039
505
3308
19161
3844
43932
13180
115
5036
22295
