68
114
1
90
153
24
178
38
11
187
188
99
82
200
92
142
31
104
96
1
31
284
129
361
182
74
101
214
43
18
18
853
100
35
19
17
7
92
28
29
17
98
47
95
1
20
73
20
32
74
212
1
52
0
5
13
145
6
30
31
18
16
2
41
25
56
67
38
62
42
18
11
37
28
30
5
37
36
37
19
10
13
16
4
19
111
12
17
38
7
20
21
14
19
18
43
54
16
67
11
31
19
47
10
25
30
39
146
62
5
21
41
11
21
5
31
105
40
22
24
59
14
34
299
5
73
4
44
1
10
65
29
52
56
32
12
38
149
21
38
14
151
9
25
206
98
28
66
115
44
21
53
27
261
56
171
14
74
125
32
7
26
8
139
66
40
0
167
148
17
33
31
25
133
49
68
13
0
194
48
97
112
15
88
11
117
83
86
33
39
32
82
36
2
14
99
17
89
36
42
58
24
31
21
23
56
242
362
51
23
38
99
21
12
3
122
181
105
19
145
14
36
250
2
39
11
71
45
86
2
87
69
62
54
19
91
9
90
33
115
29
29
52
23
176
7
59
71
116
3
176
4
140
88
55
155
58
117
10
102
197
118
3
41
114
204
8
192
9
23
30
49
0
35
36
16
33
74
48
19
37
31
57
60
4
66
11
16
54
58
24
1
19
23
48
7
6
53
41
53
26
118
28
6
114
36
47
122
114
64
47
347
39
3
56
233
27
50
20
57
61
33
14
6
39
165
80
2
39
28
302
67
53
32
8
56
240
60
200
105
85
118
24
106
231
299
269
52
4
20
67
13
13
50
146
1
69
18
80
236
233
247
30
115
429
371
215
11
4
20
71
72
434
59
2
168
32
83
3
343
4
157
216
148
156
16
21
120
198
56
23
54
38
48
448
167
126
58
244
137
112
65
141
173
506
61
56
62
76
65
288
125
13
26
145
42
13
55
91
361
22
53
148
116
157
48
348
297
84
449
352
27
198
31
91
54
382
396
61
254
284
217
811
21
294
300
142
676
104
365
430
65
595
2
184
221
65
92
41
97
122
410
346
140
169
84
425
20
312
774
153
879
34
42
259
169
610
2583
391
276
2130
869
2
193
170
1501
509
361
2776
135
429
194
3011
5580
2170
331
2254
3237
17
721
600
211
1692
287
178
55
175
352
110
268
132
1468
174
2125
1068
87
36
54
74
276
620
33
270
803
25
29
713
130
25
78
71
135
88
35
129
344
239
208
188
446
560
270
14
168
53
407
133
10
284
147
273
79
56
286
6
59
103
5
70
40
22
80
110
48
140
176
27
87
343
22
39
144
109
253
34
265
428
6
166
139
21
285
122
127
146
190
112
141
200
85
360
1090
96
15
280
104
365
182
196
164
422
178
382
85
87
130
116
33
395
137
92
196
11
1530
524
342
36
404
70
648
1
292
406
314
151
517
571
1301
103
702
536
1010
179
62
12
60
1587
1342
1635
611
783
246
2394
547
8914
69
2285
2522
97
1677
896
3185
17361
1893
115
78
276
5266
1908
801
1619
1019
874
935
2012
1077
735
771
435
45
609
169
247
727
146
436
236
693
439
68
378
198
132
83
8
586
251
249
491
55
63
10
34
589
118
202
77
266
231
378
453
543
43
227
67
148
52
77
234
259
229
52
1100
2174
301
1180
2379
811
266
237
1393
266
5325
2486
3371
830
1559
744
498
1651
363
338
446
451
725
275
259
88
182
279
251
373
830
16
669
215
223
705
628
488
287
342
590
2948
44
1098
3377
1576
5061
9564
14367
1020
1307
874
412
395
106
119
1823
64
132
244
3674
229
406
109
2914
425
849
878
5611
2523
8085
312
298
61
3116
952
784
1207
88
13866
868
140
386
535
3612
6655
20301
1489
746
2988
23
9446
2762
13069
219708
289489
768
246
359
319469
5032
548
26043
595
733
455
22387
163
2272
816224
759
2829
855
