481
3
168
214
1033
141
91
410
42
236
119
53
9
103
357
45
74
28
180
117
20
5
231
221
38
196
33
225
5
14
401
471
319
97
82
140
78
39
25
254
91
101
22
220
177
23
185
63
69
0
18
17
21
26
27
5
19
44
63
121
46
0
39
113
58
46
51
26
98
202
15
20
25
224
38
72
43
35
6
93
130
157
85
25
36
62
3
32
65
197
15
37
150
70
1
165
77
103
85
135
154
12
24
340
77
28
8
19
39
8
20
6
19
2
46
51
26
202
122
148
140
123
2
404
85
126
31
135
8
20
3
552
65
466
29
135
13
25
272
556
82
440
381
247
84
197
803
725
25
135
156
231
176
116
61
101
105
12
240
466
390
284
258
103
82
1017
552
758
210
2653
1784
131
524
589
362
501
365
1001
433
34
525
62
306
456
1144
175
311
397
120
2276
731
1412
4680
1660
426
15
682
2836
2299
141
64
690
80
41
24
388
3300
575
577
427
20
1053
137
2038
695
1405
715
255
240
115
199
688
1468
1838
407
1010
422
212
82
23
45
211
721
208
1148
437
341
61
80
956
350
2
716
231
55
123
170
238
1
352
421
676
169
233
620
114
483
271
128
63
508
146
1155
77
67
140
46
12
47
484
57
181
18
119
3
58
27
171
91
68
92
347
153
191
57
62
137
37
1
114
17
34
93
84
7
22
90
33
29
94
112
9
33
145
30
36
3
59
18
22
63
119
13
77
43
207
112
18
64
155
246
19
14
32
79
144
114
200
8
87
40
29
36
375
13
52
191
432
27
52
47
11
201
62
77
93
19
11
5
52
25
7
96
26
17
66
61
50
214
1
128
49
7
202
153
33
186
13
882
203
103
186
35
504
62
48
157
180
35
0
8
42
15
18
16
39
73
14
94
21
221
92
32
342
19
34
32
3
337
39
16
42
4
111
2
28
21
34
62
16
16
69
10
119
50
90
584
288
58
123
101
10
67
88
159
20
79
114
44
99
195
26
221
62
174
79
105
15
28
75
60
54
94
61
29
22
135
52
131
176
10
11
17
91
92
48
34
32
17
75
310
68
24
41
40
136
39
77
49
203
62
12
34
266
74
26
97
23
30
42
12
38
47
31
84
27
85
37
7
3
52
199
358
6
189
116
36
85
40
196
7
1
90
46
31
38
80
83
23
32
15
23
65
42
73
67
129
37
91
76
103
32
0
2
4
44
82
6
179
77
109
36
143
193
114
291
65
94
271
574
58
531
825
528
594
573
879
2400
554
186
64
212
2192
1247
23414
1241
1964
1904
2218
2962
31
139
398
425
2863
5233
9739
378
103
1049
513
2526
1712
695
259
667
35
365
1329
1192
397
660
437
2941
1004
1400
1376
1117
77
313
1001
421
95
46
805
358
707
221
776
1502
380
158
1050
75
892
1303
3942
242
1445
1870
9274
4520
147
350
4885
931
494
1987
1559
110
1651
2544
286
1575
17
230
585
275
1170
25
883
41
2257
716
55
542
32
304
1535
917
1212
533
714
98
143
122
970
1355
504
58
626
661
698
1244
983
354
253
386
8
1739
165
69
29
469
104
296
5
1207
1098
99
148
610
76
530
1674
2318
426
1233
78
2677
402
341
739
705
472
800
83
56
289
12
301
760
188
11
4846
21102
115
12285
1104
2117
3957
280
218
40
415
132
214
547
2028
202
237
91
232
307
280
238
161
211
358
369
137
13
129
19
99
416
320
180
1007
719
2690
3297
495
154
170
28
216
80
487
65
230
1328
294
417
168
669
1844
31
27
18
82
302
209
48
1547
86
202
158
114
1039
464
123
24
310
203
131
119
1647
122
321
37
93
39
597
562
2674
508
3660
580
151
218
248
180
75
441
507
74
3421
609
1337
636
406
1389
31211
9234
84
994
116
309
1343
4148
334
2357
302
199
826
525
456
70
175
226
73
68
1606
1315
167
530
348
299
229
19
15
106
259
529
486
640
470
11
1144
687
78
1052
64
60
53
20
141
105
5346
7734
8069
1524
2950
18508
4922
600
7144
7024
449
2216
9676
4545
2966
720
155
7071
1631
11398
11909
2918
36863
15556
10979
318
19494
34608
3889
152
82535
118444
