51
354
284
15
389
254
1497
110
76
385
456
170
151
11
1319
36
112
404
440
188
182
40
464
170
241
217
299
154
158
91
24
141
315
140
186
33
89
926
14
210
1418
173
246
341
277
1
18
104
10
298
194
302
10
279
218
232
398
78
336
18
257
236
248
37
345
169
141
213
354
179
81
198
301
80
560
725
15
329
124
218
85
312
216
313
102
278
160
115
363
23
85
7
73
179
291
204
428
51
36
368
272
2
37
41
37
143
44
26
304
159
27
268
120
695
282
297
302
13
20
2
143
34
75
519
4
128
102
82
101
345
313
258
269
817
285
184
47
281
791
526
294
186
24
293
171
717
2574
4
614
388
69
537
1080
442
83
50
960
41
298
48
251
276
691
61
339
277
596
73
47
79
100
192
71
802
532
99
487
24
772
576
149
327
133
1166
35
56
319
319
67
179
872
299
34
128
387
283
132
1052
3140
55
420
747
301
2213
235
2
168
901
1029
280
3183
33
443
1726
104
801
1153
578
18
270
2239
45
560
261
212
343
403
1142
40
290
176
1061
1586
361
6570
67
7811
1248
1268
2531
432
410
1053
664
190
37
636
124
1604
1131
2043
790
37
2858
9
164
41
730
472
1998
373
235
237
1554
978
163
31
825
356
1033
492
294
289
533
178
495
240
140
95
270
79
186
435
87
103
524
272
122
118
331
145
72
504
762
127
41
289
643
262
1353
891
445
1618
648
203
36
1078
209
435
88
91
1047
306
282
296
29
103
52
152
8
21
37
109
240
84
4
28
108
9
44
495
168
117
1
744
555
34
277
152
240
3
442
52
247
604
218
50
207
232
88
99
3
264
30
20
219
173
172
101
302
421
18
35
36
165
21
106
23
13
17
21
67
101
55
148
61
96
39
28
72
2
122
127
329
189
497
354
278
372
149
75
287
379
261
134
67
206
37
4
235
188
211
27
79
193
61
40
82
32
54
26
0
103
1
2
62
18
47
2
25
69
50
11
59
62
1
42
41
52
31
68
196
103
44
19
10
70
181
50
20
46
20
281
20
64
283
17
19
196
224
60
109
87
15
92
77
143
56
58
6
117
41
14
120
70
165
367
418
383
11
117
236
295
342
828
1081
159
246
474
406
93
576
17
91
432
1483
496
1140
482
5676
1856
1069
846
1175
249
1254
157
3271
755
375
450
432
1282
113
20
435
427
44
21
287
57
1037
253
180
241
151
120
134
320
139
366
163
83
638
762
56
494
252
407
131
43
87
67
212
72
41
83
478
237
73
634
231
274
227
118
313
261
471
58
31
6
79
77
67
61
75
319
171
132
57
302
96
14
92
60
280
76
409
103
127
337
294
478
30
348
834
625
533
99
53
79
400
129
120
233
478
6
1806
100
763
808
411
1171
279
1426
459
909
98
779
1447
45
48
915
275
190
156
6
195
27
14
50
175
53
126
37
50
982
1006
531
212
471
380
109
162
141
230
184
284
120
2
147
176
214
93
155
80
56
598
140
315
99
73
71
79
33
79
36
44
77
114
175
109
177
229
60
120
57
210
337
166
285
107
289
116
110
146
136
2
130
201
71
90
27
44
70
33
20
120
60
117
106
43
166
64
65
106
94
129
263
23
56
60
219
220
153
15
83
87
79
43
216
199
1320
349
2012
565
1255
378
424
1882
2342
261
440
1432
18414
3865
246
2438
741
450
951
324
797
299
108
1405
190
583
4192
432
155
284
567
2490
390
709
9
442
11
2233
3011
378
946
283
297
178
107
42
14
136
7
728
207
223
102
125
392
110
43
45
1952
182
195
1138
2231
250
236
21
382
351
612
382
467
779
2789
646
752
302
110
5352
2504
851
1005
598
1677
271
55
404
170
841
5636
397
1392
228
533
2088
19069
9178
582
5921
3849
1961
61
840
803
4154
2089
112
3112
836
105
11
1615
330
226
285
334
93
1877
2126
2547
1223
893
3598
4515
370
11914
17029
16620
281
1154
1516
152
1534
15592
