0
66
39
192
57
124
60
30
636
151
307
19
69
367
98
47
43
19
17
121
113
10
91
466
52
72
227
94
43
139
59
417
53
21
94
56
154
43
288
26
44
28
69
49
180
74
195
378
17
126
49
424
196
129
81
36
14
32
29
43
187
399
110
94
243
82
226
78
265
163
242
34
7
546
933
96
8
1657
288
293
39
241
40
299
24
30
55
89
218
98
28
90
97
10
48
54
234
42
21
37
16
180
11
54
77
26
43
68
57
90
68
17
3
238
53
195
120
99
117
138
114
297
34
25
34
348
118
14
68
68
28
331
174
139
162
152
131
123
40
2
157
12
143
240
188
16
93
16
21
66
24
116
90
46
1
41
36
12
340
74
20
247
401
278
54
130
293
236
171
260
218
46
390
247
358
22
842
211
28
264
41
62
381
345
85
28
93
485
100
273
36
404
2452
1638
309
28
248
522
821
3178
44
34
44
1789
364
674
281
549
1883
1135
237
450
531
418
123
194
1209
1220
431
196
316
292
1064
895
539
1050
342
83
177
57
25
1
313
127
377
19
115
267
386
48
324
180
44
94
654
334
373
28
236
323
53
262
76
157
25
3117
198
155
69
202
60
29
446
74
81
394
239
6
195
11
913
39
162
409
174
131
86
604
95
84
83
104
4
5
221
143
153
17
124
93
37
291
21
57
72
114
17
40
31
50
156
94
27
261
29
109
196
14
152
111
145
28
264
175
127
151
188
9
100
12
26
318
33
111
469
34
34
148
112
273
109
764
226
109
88
53
16
82
69
117
189
360
576
244
6
99
46
285
281
335
365
240
396
66
124
60
571
71
156
421
200
197
618
417
87
71
86
165
102
422
45
91
285
3
268
203
98
98
215
0
33
40
450
31
182
589
1741
577
606
751
568
419
37
167
644
105
1321
137
1345
30
15
165
7
874
3
214
1121
308
325
96
322
225
217
52
67
2030
215
1276
590
190
199
972
304
86
81
246
194
69
40
96
589
393
94
246
29
412
17
268
143
23
35
250
1001
985
2280
120
1514
392
1431
28
14432
1062
3446
213
1726
1298
455
434
161
313
367
183
33
1
143
1433
47
311
528
67
74
83
92
74
692
307
201
98
117
438
104
9
154
446
131
503
31
24
121
94
49
52
366
93
152
243
116
27
79
51
188
22
108
34
62
22
228
70
115
138
71
18
170
28
98
455
338
141
8
22
112
40
95
183
122
674
818
54
27
281
102
1874
10
51
163
1780
3314
119
1688
59
74
911
298
526
3243
57
4169
3155
727
1222
2631
3199
258
262
18761
31935
8981
118
191
11068
5196
