129
88
35
28
32
4
61
27
110
51
33
4
38
88
25
11
183
4
114
7
101
229
16
99
324
39
85
45
5
26
22
334
13
172
102
52
136
49
64
48
149
165
10
0
74
51
242
61
85
290
388
71
213
69
135
29
56
278
38
61
44
209
60
643
84
245
275
71
29
156
101
36
71
21
155
23
79
46
97
149
30
24
145
89
13
92
231
145
153
147
66
74
122
129
73
145
72
59
34
1
73
10
205
91
157
204
80
226
137
174
114
16
254
28
106
48
23
31
196
150
151
200
171
53
137
88
1
266
289
660
77
585
61
433
128
131
97
376
2
224
32
110
198
25
235
4
108
1696
387
332
86
197
735
56
311
52
402
77
21
246
172
62
158
48
172
107
89
55
287
1
211
362
179
631
500
109
384
15
85
334
50
338
78
399
483
539
8
60
606
70
101
44
104
164
136
129
67
500
57
14
987
2386
347
109
942
884
95
686
243
662
387
7884
73
471
2370
1930
144
348
48
39
275
330
112
637
1449
821
731
745
79
355
983
230
281
445
411
186
223
408
349
496
39
1378
837
18
109
11
121
1218
447
169
125
1243
1028
148
331
1856
86
954
273
508
859
335
173
40
21
2216
261
285
28
420
263
71
139
279
47
268
713
98
136
46
41
166
55
30
2
533
215
96
904
1447
238
252
284
1125
1628
2549
41
1462
3591
779
3572
1816
1430
36
1471
1198
1986
2009
832
497
1276
74
563
226
108
1378
1110
329
3133
460
493
2241
1074
703
3765
4287
1235
15
4642
1646
835
571
832
1547
570
1282
549
594
189
1080
210
463
3
81
2077
565
2099
448
1568
29
164
443
1435
1305
819
2046
404
538
46
756
3322
255
217
249
572
921
483
514
214
249
112
198
113
19
138
359
348
262
1055
222
55
340
45
219
424
322
109
118
547
84
5
627
82
245
156
542
8
350
74
398
32
80
100
221
105
279
305
653
57
329
28
69
294
481
821
314
611
379
96
175
627
82
1079
676
125
431
557
198
219
784
203
482
399
57
1967
432
398
425
42
220
32
175
382
545
49
180
774
70
965
562
11
274
124
87
173
137
327
151
83
86
376
190
69
409
297
86
496
3854
998
19399
424
7140
1641
10458
623
297
679
1421
755
79
225
1465
1401
470
239
192
517
182
1243
392
1270
259
461
114
67
183
64
279
179
489
367
373
137
538
35
655
3958
5345
2152
1657
6589
4579
20350
14182
19476
3630
5221
889
18255
2510
495
10
27
135577
