50
16
114
48
152
150
3
27
78
26
13
4
32
7
10
42
2
89
24
1
64
11
52
30
56
20
7
65
18
10
74
31
13
5
6
38
3
148
10
53
3
24
49
10
30
11
2
38
83
2
14
10
25
41
78
36
25
38
58
12
36
122
32
16
61
45
36
8
265
30
34
68
77
7
25
18
16
23
9
111
11
40
58
43
13
13
18
104
29
35
20
73
105
68
114
5
58
16
45
30
73
20
26
36
21
40
50
25
27
78
17
10
54
92
12
5
50
43
19
98
214
13
50
44
110
14
109
10
21
99
96
32
40
14
44
9
14
34
51
24
44
36
108
17
12
61
49
44
108
11
13
13
85
10
10
9
154
92
24
79
76
228
14
92
1
67
41
11
4
5
49
89
51
16
59
206
62
13
46
30
69
74
10
35
486
220
84
48
7
26
3
47
117
8
38
47
5
116
5
63
11
61
28
46
107
65
34
34
1
3
48
18
11
0
107
66
52
40
250
11
5
17
203
420
36
2
87
65
44
149
28
58
9
42
3
7
118
5
408
19
87
105
175
7
9
7
5
16
102
63
60
33
68
75
3
163
191
50
1
123
20
50
15
71
71
17
232
108
5
80
74
228
94
23
62
386
50
151
307
324
96
16
316
273
384
64
1102
62
1115
241
30
52
42
35
54
109
32
32
95
181
627
209
82
289
199
125
6
621
70
8
11
156
616
696
130
74
402
103
267
83
166
496
207
514
143
97
336
66
417
102
123
548
221
615
686
145
563
698
1358
440
585
114
420
44
378
397
47
147
436
23
413
278
47
4204
1798
512
71
345
173
66
40
293
505
253
39
162
290
64
102
859
800
281
88
236
320
52
1145
1087
1015
195
332
300
385
3558
622
67
68
531
47
238
593
749
2993
865
1602
1630
2990
507
1757
127
419
164
95
46
145
406
1364
922
230
51
310
216
750
354
494
241
207
187
54
231
708
46
278
267
17
115
120
22
759
311
134
305
1125
700
167
5
221
345
40
153
3
732
2195
297
125
625
576
502
56
252
13
1219
868
491
178
22
708
897
402
675
370
745
272
40
734
326
225
809
203
960
434
259
461
1033
2282
123
1528
1053
3159
413
1164
1807
61
3408
136
2230
333
1694
517
292
385
823
302
245
84
263
202
946
512
543
1269
85
1239
387
2093
763
807
100
806
332
2699
3534
2677
233
2752
653
2955
549
1164
631
1842
193
5267
4137
594
108
122
264
75
73
87
207
322
666
118
341
158
210
244
142
130
404
565
258
47
319
24
133
54
36
297
839
129
321
173
66
1005
70
52
1008
79
93
163
221
306
19
7
8
172
309
51
18
433
34
119
93
110
211
109
15
263
346
36
91
567
445
557
216
187
146
10
61
200
555
156
672
87
131
137
362
1136
910
339
1135
64
996
1212
469
184
335
176
621
179
789
1200
410
47
492
492
480
1395
5313
835
1303
962
1424
125
3839
21
504
2672
340
384
57
2985
14551
10356
1340
2770
1163
172
1276
3260
1760
165
1154
155
1225
908
1577
725
12715
2060
758
688
1319
46
534
244
1565
511
444
253
778
388
1458
1235
3046
2381
397
41
90
364
1201
186
4624
43
770
869
165
22563
14398
501
24
983
1944
564141
89
4179
14363
4274
11886
1320
190
228
1034
1772
4643
847
41
17
968
155
1022
49
20
1198
3861
208
39
1080
726
205
862
520
12
100
286
47
165
39
125
268
64
0
278
93
89
73
274
63
196
318
106
110
15
442
252
172
162
7624
364
124
2084
37
4253
439
50
6353
1087
317
1473
3551
108
2815
605
737
41916
21859
1044
2338
2872
78
995473
2000
2251
1320
2572
832
345
1921
88
166
152
1180
314
4764
3267
1260
1034
98
19022
69
52
3379
1028
117
1456
302
187
3561
6917
158
1079
1046
1828
21366
36
1737
