94
348
3
7
175
30
213
122
834
134
21
129
342
338
213
202
73
211
140
13
49
470
36
823
673
341
299
216
1070
351
6
109
84
740
141
569
3
38
143
129
140
427
188
12
474
875
1779
464
207
1124
200
208
514
22
108
329
141
9
862
435
1480
99
122
135
116
56
94
172
33
127
146
282
412
51
137
1010
1091
628
349
197
469
130
670
158
426
413
44
169
287
723
990
390
247
945
487
784
116
18068
4657
324
999
179
520
39
823
583
378
138
811
592
186
1074
292
803
196
306
525
112
43
2259
2737
577
133
543
515
259
1708
380
561
1844
51
1626
234
726
68
411
17
7
447
746
400
195
245
466
1803
172
882
297
1159
369
14
1348
672
81
198
2457
303
648
844
283
1766
264
107
159
890
530
91
306
239
124
803
1444
46
1242
652
344
683
653
281
529
112
409
251
11616
1275
532
22740
5840
6207
1682
527
2888
542
412
258
553
467
1251
6387
288
351
2550
992
2437
15304
8222
2608
2886
1443
27
946
80
29724
2509
1418
1319
1039
70
852
612
0
63
299
125
349
283
1122
732
259
645
589
140
32
44
153
123
284
13
59
165
477
368
1186
4578
140
1150
252
974
1208
920
366
4975
1037
2004
9280
4763
5058
24002
43
475
1391
346
3891
4015
156
376
984
177
2577
26831
1721
1028
860
51
1099
466
251
307
7
598
39
71
716
109
184
1888
703
1508
472
243
120
26663
2043
3374
6138
943
374
775
896
332
15865
108
114
13083
868
605
340
62
312
1516
273
279
11
384
1227
831
35
1674
1260
553
643
2714
83
561
6867
4192
2565
23614
25775
3365
260
1889
4155
362
821
272
204
363
490
141
1260
386
7
121
753
1469
277
155
371
1380
3111
27
147
1738
1027
1006
2588
5448
2345
24472
2093
3114
1012
127
551
1120
151
413
4120
23683
60
1389
943
538
188
239
7539
4660
1118
729
905
632
191
267
114
1321
1190
1429
32120
1772
4541
17422
7616
34
243
533
196
28
1
424
75
7
286
960
304
128
3
135
3355
175
865
418
119
763
2541
1623
1670
3477
7683
790
23836
2260
837
489
3663
1104
1111
684
343
4623
190
12988
803
3339
648
1241
439
1592
10217
1055
3539
954
6754
1159
2696
248
5730
6796
407
12967
1106
1068
1099
2945
1394
2564
815
1903
675
428
491
454
2481
135
15431
8859
638
7286
28
80346
1801
723
225571
1084
1022
847
1629
76457
39471
4932
15759
23484
3445
12744
143
62615
21461
70664
633
105270
1662
347
2390
367955
154063
374
3287
1964
1035
2389
491
