37
46
73
8
4
69
6
4
43
3
73
7
5
50
8
14
24
95
0
3
14
35
65
1
6
30
55
92
12
33
59
12
63
4
20
56
21
46
14
59
9
21
3
30
0
69
6
8
28
55
39
100
133
75
32
47
80
213
86
50
108
35
20
60
58
57
14
53
95
60
11
86
211
56
8
52
68
28
83
29
43
12
21
12
21
29
100
126
76
26
6
41
72
10
33
61
172
311
17
14
263
415
123
48
246
751
140
94
105
67
38
1053
135
152
384
324
117
254
81
81
56
204
355
48
48
74
222
241
414
211
595
269
402
16
274
72
737
721
75
1
123
35
283
158
95
136
265
393
183
16
62
1301
167
172
43
178
66
86
506
109
3
380
72
331
116
193
374
246
41
109
325
554
34
73
6
614
572
127
31
68
534
54
981
885
956
708
20
181
380
1203
69
1104
4999
7257
980
4189
1043
6488
973
1065
224
270
35
170
869
1080
490
21
660
32
125
335
299
66
35
33
25
36
397
340
276
682
634
57
611
1119
224
146
1061
515
800
192
2033
22
110
126
390
680
195
378
116
127
361
103
380
374
84
572
116
51
175
122
551
618
149
71
229
92
399
203
142
490
708
589
59
406
476
292
223
259
54
761
147
35
1127
111
33
457
365
223
327
851
308
37
132
35
427
174
74
270
93
71
94
135
12
37
89
60
24
100
2
5
175
220
30
29
35
145
228
212
135
441
56
164
26
240
99
24
33
12
84
3
292
360
173
660
527
31
152
163
95
1
202
121
27
17
188
75
35
46
126
200
118
37
8
191
482
565
603
190
109
101
53
304
508
203
15
1082
411
463
571
653
145
750
504
154
215
312
88
524
28
967
1364
1002
210
74
63
438
447
536
117
406
2212
202
919
864
344
78
508
295
334
90
218
253
1396
132
25
566
461
1600
21555
41
1002
165
267
129
375
293
292
278
723
334
191
787
236
811
788
204
151
84
565
584
436
258
83
30
521
172
7
389
455
108
41
838
350
92
3
570
232
305
69
103
11
4
73
85
58
143
191
276
66
198
402
898
288
986
494
126
18
67
232
406
78
670
598
114
413
665
68
3628
906
947
72
125
729
120
199
237
203
163
194
29
102
121
741
106
78
16
2243
684
1367
510
1308
393
124
1551
354
347
40
57
130
250
190
355
409
1055
341
321
153
215
91
57
3985
844
20
852
536
182
246
94
107
60
435
682
179
77
303
4
28
18
173
3976
230
1259
133
908
710
1933
8550
659
2142
1071
13073
2573
4883
353
178
189
547
106
418
117
29
592
1990
630
926
2724
409
183
4405
40
344
427
330
1013
1519
27
244
737
119
339
276
536
20
70
461
295
235
219
34
305
382
10434
386
11322
42911
354
73
829
359
7009
89
4268
6727
26285
219973
121454
42842
14427
2690
1557
78710
5054
1103
204
