250
222
104
235
320
26
294
37
281
172
277
3
27
313
69
146
526
935
463
86
487
55
621
151
438
20
293
1
27
40
32
376
513
463
325
880
24
580
159
119
458
755
957
130
337
328
150
103
1587
10
381
38
1582
405
421
834
474
1293
310
1183
1727
358
556
283
1248
191
160
270
292
755
65
226
2
180
115
104
225
57
678
84
454
4
941
86
112
280
41
258
159
87
173
120
24
61
1418
329
505
1104
379
2480
1473
3168
215
4262
891
315
494
601
106
87
610
1842
561
680
471
129
424
40
163
470
791
1143
343
317
100
2051
1283
326
413
126
321
400
1695
4
218
463
880
283
112
2264
197
129
238
220
1415
219
589
951
142
30
449
185
27
366
159
646
190
138
571
196
26
108
629
95
445
163
1224
175
91
121
254
67
140
186
482
64
164
262
195
3253
5
452
1318
489
2380
2900
4725
2544
332
629
317
3688
1492
1072
1189
171
325
3100
66
152
184
2521
387
158
254
337
949
1974
444
342
2470
1311
6708
2053
119
10455
12983
2423
804
57
315
13623
2526
2021
2129
208
325
744
3082
103
975
2410
512
35
7374
3670
1891
258
238
249
1644
211
548
536
276
5816
1035
657
708
979
2363
1820
854
2022
317
25742
1097
914
4322
5046
5245
764
180
3935
22
6343
154440
3779
266
421
11973
3897
166
97
907
14214
166
27843
8168
1519
1215
6534
3509
306
436
8531
2452
175
1833
1568
1200
589
340
1798
1505
194
783
3038
785
284
1760
273
345
1400
1009
30
2993
440
2296
24
33
896
596
1707
1290
427
105
7832
14956
9465
1272
803
681
873
873
609
1867
4582
358
221
4837
491
899
508
744
357
155
51
106
308
63
1253
1363
3419
577
602
95
423
205
927
86
1911
2481
117
749
1920
598
179
614
260
307
1452
805
62
16575
278
496
1563
6039
15586
3514
129
1217
405
1210
1710
284
716
1072
5142
1911
1051
214
40
143
6809
108
1041
60
55
819
970
2058
441
294
2949
100
367
708
108
414
407
178
1068
146
128
102
2519
284
742
232
49
450
1040
604
2501
993
208
235
10333
1089
3468
18359
4562
9544
684
4924
158
2366
239
6
9
27
5430
95
439
370
726
651
3690
568
1657
58
5716
3223
1435
129
1646
3041
10500
2236
795
7740
24719
8577
250
770
264
1989
6913
255
3389
2691
7826
3457
60
2613
1610
5547
2785
1729
363
638
506
292
3849
15575
18034
1832
861
1245
115
387
31424
146
2361
1597
390
9664
1875
11967
1149
22537
3525
161
1090
17156
21530
577
6129
39970
24000
177
102
3280
401
1548
224
101
234
42
53
40
40
441
1032
1229
261
2654
23
158
2228
1648
2115
204
271
417
98
661
424
1654
196
1077
29347
1865
3711
655
25050
11893
1631
630
384
888
317
86
5782
10182
13376
11299
996
9129
163
471
64
1991
7676
143
1175
285
81
258
560
107
327
378
717
239
565
86
337
386
8826
106
453
212
11
4
160
842
353
367
1239
180
6277
1001
7661
33890
5686
779
51
41
848
848
1217
58
3267
13732
3434
587
213
2504
22
753
52
20404
401
378
29778
174
313
1662
1376
701
543
145
478
1130
2988
1047
3084
2728
2281
22746
20349
36347
442
5429
810
682
2478
1835
16951
58
4602
11573
64297
2181
1166
8772
14228
278
39296
10675
1518
1264
17557
1407
6029
1252
1871
1734
11538
8869
9303
2273
1070
1775
3553
281
1017
1030
46
1259
111
969
7006
321
206
93
462
398
1454
2626
1014
7117
633
1083
9306
13656
2312
37275
158
517
1313
385
3958
1089
12520
11429
1078
1947
3895
854
842
4593
324
1301
14
45
276
2084
2774
297
1153
1476
34175
158
226
867
978
5758
2047
72
4002
227
26325
2896
14581
11313
19049
4759
21048
2502
5908
2128
4716
43259
1122
785
16
19
471
5535
8610
2122
278
961
12299
8854
5461
137
1549
6598
12644
6003
12386
18066
18729
337
1299
48463
696
13161
547
17
391
24932
121
26974
2722
6165
934
2739
2182
6924
3689
1322
27243
39
178
35846
18931
327
3380
204
4501
174
400
208
54
1943
6395
683
7907
2617
99
6
40
35
5723
2041
39
2738
654
37045
454
8458
3109
3709
1549
151
786
5367
288
8670
54
7710
2183
26583
16472
2229
290
2633
61
321
260
1202
