38
988
202
141
159
87
127
902
476
265
1536
3040
326
429
504
32
22
86
248
1491
64
1218
88
278
160
262
343
838
1467
4599
152
3181
3066
1592
57
155
1794
886
5814
2888
3106
1294
586
1832
1804
1192
762
357
1582
24
278
567
400
78
522
238
182
185
27
2
1193
320
234
157
184
493
963
113
468
826
328
664
46
468
273
375
443
146
360
101
466
375
56
95
3
76
420
1065
993
524
108
197
69
134
46
485
477
170
44
2480
86
1902
121
242
848
49
348
118
149
30
85
190
36
43
82
350
255
114
198
97
41
132
411
249
63
28
85
559
11
1459
204
1181
522
7
127
4
6
59
167
124
498
240
86
470
66
549
38
414
67
283
500
642
581
656
73
22
162
87
40
126
109
16
51
299
7
581
79
262
74
54
259
45
177
5
131
75
282
6
72
37
69
69
23
39
10
148
97
112
79
13
60
11
231
52
88
72
5
43
95
32
13
310
113
196
31
96
164
70
21
92
211
56
96
30
29
142
278
45
435
517
256
272
169
12
194
170
848
346
797
373
810
1
323
1381
2383
144
303
197
245
1177
484
266
470
8176
5678
1941
39
192
772
108
801
670
1639
667
35
341
706
417
92
139
165
124
3113
231
129
272
673
315
78
600
513
82
349
10
67
22
186
62
70
169
151
122
33
8
39
162
107
342
444
23
94
253
343
372
18
113
177
65
114
249
112
79
24
205
0
171
257
149
506
82
56
431
180
203
197
30
223
485
101
9
40
85
97
41
366
12
104
43
211
79
268
72
160
120
2
289
103
103
15
94
349
339
2617
156
115
307
350
383
237
102
344
758
256
58
137
372
98
81
103
2
5
147
238
99
110
109
465
52
57
194
226
5
3
178
63
37
531
25
25
268
103
345
316
32
19
119
164
2
337
46
413
91
225
661
156
188
216
20
97
19
14
282
331
87
227
72
19
42
8
88
16
436
72
901
152
313
226
229
144
211
510
32
84
25
700
354
149
387
944
48
917
2071
57
3990
3566
1696
169
242
684
45
658
304
503
1245
1066
4701
2103
173
2268
1616
11452
5495
624
3082
1612
123
573
2721
2190
132
1672
1775
708
207
440
734
432
462
16
650
319
77
1701
852
19
3
59
1123
61
700
637
1469
507
189
482
204
34
187
161
133
188
32
86
1013
28
175
432
423
98
33
359
97
78
175
174
95
404
17
920
54
314
239
64
1890
299
495
456
1379
401
838
1290
379
469
1080
499
1081
1336
2503
1126
1749
228
2949
562
803
955
2764
775
1144
1468
2432
31806
391
1094
2838
1868
1579
653
1363
779
384
2488
339
2167
132
2437
1740
89
150
2388
417
144
39
140
70
40
256
451
1150
253
1345
1912
2475
615
3845
5301
1370
28646
1073
15536
8706
1792
265
283
972
106
1701
1422
3823
1840
2044
182
529
2430
2508
955
12935
941
1178
614
92
254
95
145
585
1410
393
1546
21
1441
249
328
2465
508
1497
8423
2545
4067
13194
149
467
846
21
89
182
418
110
466
1245
1599
1466
508
1189
750
1315
41
258
1937
636
1121
1216
1632
427
81
3095
515
2152
1428
2460
623
364
430
2264
449
249
191
1333
927
1245
827
376
1749
819
382
107
2014
4159
2011
8335
8180
205
20357
2075
2394
2041
134540
25999
3715
501
1913
880
1765
862
4791
420
3958
10562
13721
2740
6724
15983
96404
24325
554
20773
166480
23691
134436
79977
1889
993
6057
5433
1357
80
540405
24733
