97
138
184
28
17
41
22
0
13
17
48
5
49
0
9
49
20
8
0
16
11
6
15
31
71
73
92
14
17
50
32
8
16
54
23
1
25
48
39
123
75
15
66
71
94
29
51
59
40
53
31
2
3
75
11
0
29
24
1
14
30
117
1
69
59
15
30
82
15
81
33
16
20
51
78
154
10
38
38
14
106
0
1
3
129
12
117
26
9
8
190
18
155
45
55
40
200
37
39
54
33
7
60
37
120
16
9
16
7
79
6
22
0
51
16
29
210
83
7
9
13
2
23
2
52
17
112
10
5
15
37
60
37
33
0
27
19
30
74
24
0
12
22
47
6
33
0
34
23
18
49
153
3
5
2
96
15
59
2
28
10
1
42
17
3
5
6
13
19
44
18
38
17
74
212
46
4
43
21
113
80
80
30
5
27
22
48
54
19
15
138
6
102
53
24
19
28
84
2
14
19
25
2
1
11
134
15
34
63
15
18
7
32
63
12
81
102
22
25
23
24
31
42
8
71
36
38
67
58
21
95
35
45
35
40
13
43
30
91
63
115
85
168
68
5
40
45
14
121
1
4
14
54
28
19
109
51
17
147
17
67
47
34
4
23
6
19
11
35
119
66
13
18
79
13
147
12
8
81
15
32
81
15
46
41
94
83
59
42
94
19
29
132
233
64
70
25
55
48
141
4
9
81
80
104
206
130
27
91
41
269
27
105
98
16
110
50
132
36
491
523
503
4
8
165
267
24
80
38
284
16
174
553
56
11
224
232
8
88
125
57
300
96
69
99
35
209
217
140
211
169
164
183
11
233
510
110
31
701
211
989
766
135
10
85
86
266
114
235
24
353
899
99
133
578
156
1163
732
18
161
845
86
646
836
41
318
119
171
1534
74
327
44
692
263
104
63
497
786
30
500
101
105
618
85
82
97
28
300
1052
325
220
1021
280
301
80
3
142
131
269
50
2
31
14
161
197
212
20
207
38
83
12
89
243
10
58
103
32
46
1
373
143
35
24
31
78
36
334
119
190
17
97
12
12
114
201
5
140
109
10
15
60
339
112
7
57
65
67
103
98
59
64
169
271
33
36
345
98
99
26
304
60
3
163
164
53
142
26
175
7
131
245
158
96
547
9
8
445
4
84
64
51
66
62
50
1
395
110
34
99
74
2
72
248
58
7
24
222
243
197
23
66
18
4
95
77
0
97
190
300
2
37
64
29
80
139
199
236
20
59
58
149
37
4
59
226
140
403
37
164
70
574
152
152
106
85
56
51
83
25
95
486
106
75
21
13
87
42
251
33
92
60
91
68
17
199
80
154
43
154
12
180
427
27
24
99
9
254
84
15
177
31
295
116
87
159
160
13
476
173
88
25
24
13
78
165
289
653
206
194
298
114
244
37
196
1296
199
189
506
151
127
27
16
746
125
666
19
60
503
355
348
219
351
67
540
249
82
663
211
770
173
144
142
359
171
4
58
225
78
61
132
95
11
32
276
67
422
68
716
123
26
193
6
130
29
163
194
135
107
1294
135
564
141
51
115
55
1
285
926
38
136
127
346
69
101
427
110
48
140
402
55
352
94
21
561
353
75
364
37
387
80
117
607
149
105
795
34
32
351
134
1280
492
146
219
404
81
489
122
39
305
80
92
2077
93
651
282
109
109
136
1584
13
30
411
1117
1728
628
816
102
104
7
1616
805
371
105
636
661
126
324
1766
536
2831
2720
2732
1619
551
1885
1400
8
520
1065
3652
756
1317
748
415
694
158
323
56
2998
2133
384
129
2
910
191
673
1803
854
564
307
388
82
456
357
1143
1143
53
387
960
107
890
439
701
1925
2175
414
471
1968
998
734
360
1546
2318
2680
538
696
363
1000
562
497
931
674
247
2966
786
289
928
397
3889
3704
2649
557
756
387
181
92
261
398
1980
109
196
2100
1
377
766
244
912
1275
966
3280
5561
6299
4963
1070
640
588
676
1280
1033
527
1561
2185
349
1309
2685
176
105
162
72
409
555
2705
701
1483
1325
122
266
1113
325
1672
276
2420
798
237
2773
2424
861
1143
606
745
2157
459
952
95
1685
1459
562
1563
1559
4022
2319
1941
936
505
1821
3320
2208
2060
585
567
212
8787
4058
415
2270
215
3419
318
140
1260
1157
5695
533
334
1784
1721
1759
5912
1664
4924
531
1232
6068
1158
2683
11559
2786
814
35
455
4669
5618
8003
9039
5005
9653
21561
3806
3643
39286
9572
14367
18302
9413
42410
1322
110500
79316
16227
10243
55790
7375
149873
194170
269330
6391
