218
5
179
62
10
120
73
43
25
173
9
113
54
340
4
5
293
53
24
21
33
148
61
517
2
61
710
23
231
241
1
299
88
75
66
84
159
235
399
111
49
261
33
142
120
279
225
17
128
133
120
1
102
49
76
33
63
197
87
27
82
1
110
156
55
113
94
19
131
47
41
9
17
119
75
11
363
6
132
235
19
31
10
65
332
165
2
147
100
179
9
11
76
116
179
233
66
100
10
87
47
43
194
255
285
95
325
470
20
131
136
496
153
234
689
89
55
97
150
94
13
10
79
111
33
114
529
159
27
29
321
21
266
288
72
72
228
14
275
749
17
65
71
142
164
30
162
613
6
136
3
121
200
367
137
90
120
77
24
104
135
197
418
155
48
521
36
248
171
444
80
127
568
11
876
402
134
144
89
298
1090
1014
121
1843
104
168
322
546
51
414
164
171
2
244
79
246
165
101
318
8
288
89
0
54
84
88
43
167
101
326
287
111
1169
457
95
103
162
1121
926
1862
1022
367
830
17
673
69
1291
990
191
434
178
13
103
98
339
225
23
409
68
29
722
852
289
1314
447
183
158
156
939
348
1402
450
66
2219
981
1001
255
4281
1255
533
3274
269
773
822
600
1263
656
513
2065
1862
439
12
260
170
1301
249
389
37
929
1055
1811
597
10
151
146
1425
293
912
313
12
455
247
39
314
739
69
242
255
2156
79
184
550
2783
243
1053
2474
125
147
677
84
16
721
507
55
223
180
1291
474
475
1737
1466
309
1094
1307
513
730
251
1691
948
231
616
1055
1572
3459
600
135
517
85
1683
400
2082
788
236
687
1573
1297
16
696
1108
292
2646
523
2599
637
354
8031
18112
13503
529
713
6
10
1710
80
16
1349
347
26
1056
150
486
39
116
168
193
1254
8
301
79
642
732
354
174
32
953
1864
3540
1453
3589
1142
10328
572
1956
2852
391
790
211
72
8
85
167
373
444
353
18
4410
360
165
465
160
6430
4657
1447
5080
4318
1709
357
23
365
509
1769
1386
17
35
47
293
344
546
2
476
390
132
107
804
34
21
13
790
43
180
331
370
335
608
566
1628
707
562
1132
963
36
5478
2325
3161
942
170
3368
1531
134
2923
404
588
163
32
345
749
309
171
4147
7801
3584
1380
2661
276
367
333
1427
153
13022
641
1462
1387
3011
1020
761
4397
136
2731
87
296
10959
1015
280
743
355
179
66
873
349
78
10
92
146
107
30
207
67
75
18
134
56
85
29
1142
372
485
178
136
769
457
725
400
52
114
99
170
32
18
63
131
13
127
5
69
145
19
21
219
9
31
42
74
108
36
92
327
120
119
569
215
172
294
46
219
48
3
60
185
151
1710
162
450
5
777
328
27
511
103
896
299
1022
67
119
85
26
633
29
52
154
154
40
41
69
173
13
28
107
35
60
14
197
1
152
22
19
49
22
258
66
23
256
185
22
2
42
10
5
73
12
60
35
9
82
3
18
23
175
7
185
28
27
46
10
70
60
107
164
118
30
240
61
108
56
60
304
34
205
960
396
584
90
8
200
80
4
279
280
109
625
781
101
80
487
409
370
56
45
152
426
318
2178
457
2840
166
77
4
514
43
113
73
21
26
67
14
57
133
157
10
40
217
329
183
4
251
1528
127
1845
322
707
142
4647
4269
12420
93
205
2948
6002
49
3803
638
730
12688
3818
28807
853449
6132
58150
3882
283
4063
9745
5197
2481
18
942
21383
2953
56255
3535
