173
49
288
186
327
467
213
31
197
151
66
200
38
15
62
37
29
107
44
135
103
49
18
292
2
11
5
135
153
23
31
31
29
57
9
186
252
17
125
196
66
18
64
274
80
19
825
682
189
184
88
489
215
134
62
52
133
60
31
341
33
25
37
43
51
129
3
110
72
7
349
146
214
50
227
271
347
865
987
212
170
329
292
449
117
281
475
259
103
182
60
64
154
156
51
128
488
20
57
26
62
178
20
38
82
67
611
73
143
137
48
82
8
138
44
156
16
106
98
268
278
127
273
146
29
381
345
10
96
335
220
168
53
90
41
174
184
21
20
415
11
9
171
23
9
77
4
135
136
1
56
98
335
31
101
148
33
58
28
16
41
144
57
37
39
97
18
108
176
23
7
71
288
120
4
119
58
60
118
28
33
185
72
514
9
461
325
17
223
131
421
10
915
83
120
143
76
96
609
464
501
11
356
323
522
495
216
102
419
596
377
525
178
733
279
337
429
281
51
265
179
267
4
143
401
136
505
1064
222
28
38
258
26
361
92
71
8
361
164
40
358
181
141
146
251
133
98
9
362
91
54
43
387
175
31
294
56
364
692
261
50
138
6
380
54
92
304
97
290
117
251
2
28
83
14
105
678
432
65
995
103
137
264
57
703
844
2401
339
157
158
312
806
32
1920
52
195
1032
795
351
591
497
2648
1585
1892
1058
757
370
753
347
349
293
336
346
322
1700
45
250
1673
124
271
151
323
18
944
377
402
289
266
236
219
16
265
0
420
1259
652
175
85
214
116
45
35
88
322
147
43
76
218
102
4
210
133
139
101
152
32
13
24
208
99
102
129
413
93
183
46
115
62
149
25
143
469
108
18
10
202
264
127
180
38
248
72
11
631
22
252
166
133
71
301
17
29
3
60
92
47
330
185
120
237
99
113
27
146
36
198
84
362
47
318
81
1
150
7
78
78
117
36
56
53
3
39
151
12
13
187
85
31
18
15
239
22
116
60
18
23
54
98
57
30
49
26
57
54
120
18
5
31
127
87
75
283
18
53
141
146
117
473
172
12
318
211
36
19
163
58
91
159
86
124
19
179
32
94
57
56
333
104
3
395
134
43
97
21
436
243
51
127
189
93
29
494
480
153
6
243
152
24
576
60
1643
699
250
1538
367
113
206
73
235
924
3136
4209
952
4631
893
1743
318
2069
134
190
360
53
940
1515
1778
1495
1402
301
1715
107
249
2171
2233
698
1889
75
307
5730
5023
10471
1130
710
631
648
1465
1073
741
688
2040
269
535
106
66
685
350
645
831
711
1153
23
106
144
1209
118
266
450
136
267
808
102
336
492
34
50
322
86
107
1107
449
408
380
318
850
73
226
195
61
75
1992
945
3116
488
1093
409
594
260
233
4174
46
1188
575
860
3527
681
586
72
118
859
3190
1095
238
1543
1910
665
1292
3967
1087
5262
7354
12564
1174
388
382
4136
3390
2521
22834
472
7357
14021
4073
247
5363
753
2399
17134
182
161
1364
622
150
1304
385
440
82
248
568
273
720
4919
208
27
780
554
2784
514
2773
1084
5825
119
735
545
805
31764
3685
7505
18186
4611
2458
89648
44291
5809
1641
68465
50681
35187
1100
591
1397
34648
11856
1440
50344
43027
2621
766
8531
387
390
2754
6839
1349
1818
632
151
1122
328
856
4396
1493
720
1747
1210
2488
4587
21570
478
5334
69
4380
2699
301
570
716
181
1117
1560
10430
1776
399370
24049
1831
