29
59
52
36
88
19
19
45
77
133
97
146
76
340
48
95
74
69
118
223
108
342
28
195
167
46
68
498
219
21
143
104
50
125
182
318
72
6
189
236
126
97
83
56
36
20
19
27
49
51
75
112
0
73
22
12
90
45
169
22
19
74
60
15
328
226
132
14
26
128
79
190
149
205
36
141
220
144
223
5
426
333
290
267
168
94
84
355
50
107
22
21
267
110
159
45
500
123
195
19
749
118
166
251
207
48
3
12
99
150
3
25
18
88
1
44
408
74
441
151
6
229
91
15
91
202
347
169
60
310
74
80
35
321
43
215
183
166
104
19
35
168
156
244
4
167
190
111
129
58
208
138
147
46
243
140
33
189
73
54
128
39
171
364
390
356
62
33
47
517
122
411
363
339
23
1252
232
52
588
1536
118
399
131
1
194
10
1238
67
31
63
80
56
87
235
416
107
964
209
154
27
67
965
719
196
40
91
376
39
119
69
25
109
50
19
259
106
167
339
17
82
280
228
6
58
55
52
325
133
421
37
47
583
40
30
7
223
107
3
93
147
100
51
112
87
36
67
63
68
64
85
42
13
27
206
10
117
14
68
37
63
78
9
83
84
58
22
119
166
17
189
51
59
105
249
111
47
19
6
28
37
141
297
288
585
239
931
93
380
156
59
185
229
0
85
111
189
396
88
56
136
129
327
519
38
566
291
33
75
173
66
9
459
512
137
118
1
375
873
164
33
98
482
761
11
200
32
74
275
472
211
115
179
476
2196
2
1179
261
875
91
814
705
577
2
405
823
1464
96
304
308
225
1269
803
247
404
639
832
246
1043
3204
217
101
1745
6803
4030
8164
1166
2624
6198
1844
1300
261
1609
322
163
72
328
57
439
616
603
2644
1315
16
1446
279
457
4537
334
1068
34
846
1226
846
121
23
11023
203
629
229
604
976
270
685
1059
911
75
670
536
54
876
1605
1290
1100
1644
330
177
1818
1087
11371
21536
4758
660
4314
1454
133
1903
1292
2357
712
1261
321
1765
319
215
3626
2373
129
198
697
116
294
194
2473
1904
2522
2673
2204
56
214
168
249
579
312
240
272
600
6904
1348
1592
523
1409
891
554
209
175
301
600
209
692
958
432
283
159
55
143
8075
227
1419
1003
988
137
234
765
37
393
5587
709
316
9576
4155
2644
54553
6501
17664
9862
4204
1773
19768
2586
5535
2376
1268
575
1614
9608
884
2193
103
921
2496
31699
25346
5247
5749
12325
129764
106111
74764
1251
5895
130
1846
2037
1728
1890
249
1689
1787
233
1110
11
1159
3516
41769
8509
602
18466
2277
5964
20883
