165
11
170
57
75
65
22
97
75
30
69
11
49
123
2
28
64
38
81
10
14
65
9
126
13
124
103
128
12
12
18
145
126
34
102
58
29
153
29
118
22
46
24
27
212
20
20
157
14
4
38
97
37
34
69
26
64
1
49
34
30
6
99
12
20
10
7
21
2
36
20
29
88
19
30
45
47
55
33
20
47
19
77
44
59
42
15
101
10
65
56
49
34
4
10
70
31
38
26
20
106
94
13
181
17
18
36
7
13
70
21
7
34
13
33
46
74
44
0
29
39
214
69
96
211
13
91
28
19
25
254
224
82
1
51
188
45
196
74
4
78
358
248
65
243
276
152
15
127
93
73
145
127
178
373
160
183
185
405
19
17
16
89
64
72
77
3
4
190
10
54
101
55
29
35
94
21
62
10
109
2
110
493
173
80
174
223
326
5
3
33
182
972
25
303
142
316
97
444
21
217
247
219
9
66
79
72
206
1002
284
267
202
173
200
92
851
930
89
309
267
211
146
573
225
56
102
351
283
31
895
67
271
689
496
262
66
919
32
1056
537
427
502
55
279
653
115
234
18
7
375
761
10
921
537
55
404
640
459
318
307
233
106
35
87
567
26
285
434
180
77
489
308
363
63
37
1019
56
486
766
343
316
226
107
1617
825
1318
5077
2924
8463
6674
248
1763
175
279
275
756
1171
848
424
19
839
524
107
144
351
4
167
36
54
62
20
21
260
281
638
622
71
3
297
287
306
1
63
257
23
55
375
13
108
395
1
236
223
7
89
127
204
14
374
204
178
72
40
413
944
23
57
23
167
114
279
102
197
300
68
117
187
31
74
160
204
1197
1
136
399
283
361
0
829
145
200
290
197
11
55
80
49
99
136
143
235
17
117
33
600
373
53
111
26
665
176
347
285
1079
1813
917
1515
589
198
509
60
24
434
216
123
100
224
41
206
96
124
57
247
396
61
63
321
179
1296
2
21
50
401
14
401
221
113
1064
380
361
329
130
573
351
89
15
100
228
70
309
253
112
1274
171
460
574
161
48
2945
201
1084
1347
1575
38
2736
796
21
1851
104
1111
125
20
40
1077
8185
1876
12335
2395
5040
363
144
247
575
124
1969
579
33
281
194
39
225
468
315
743
231
322
114
1504
362
2891
4343
866
153
48
9
672
214
424
218
30
130
25
4
31
3
31
1
104
21
75
99
397
48
55
102
423
296
2
600
146
377
195
65
348
23
64
85
98
54
164
333
431
57
202
20
164
141
175
633
159
133
52
1519
136
2667
431
162
347
78
239
1841
377
400
543
700
403
545
755
982
218
923
5949
521
960
369
127
127
80
661
3876
172
172
13908
19400
279
727
1089
948
38
121
517
11
1
592
86
1150
414
1741
622
443
1367
163
410
913
815
837
421
124
1025
347
7355
3781
6925
1577
392
344
1944
900
6630
6984
2126
8129
15139
7775
524
289
7990
277
2862
2788
1080
19785
971671
37334
40552
4884
