37
454
26
17
22
206
17
26
444
76
56
169
144
75
288
1
105
27
25
95
178
91
160
207
36
14
86
64
44
25
41
57
23
1
107
90
33
64
67
27
54
118
74
113
38
163
15
1
263
188
11
71
5
118
85
34
33
23
345
73
90
12
18
46
63
143
39
42
136
140
41
160
296
200
145
36
64
119
53
131
36
55
60
49
126
58
67
204
2
172
189
1
0
72
0
88
45
73
74
86
25
48
12
56
132
3
73
55
70
62
57
90
67
150
31
210
36
48
66
28
19
73
50
102
43
14
29
110
84
77
139
249
50
89
227
148
122
15
141
15
38
82
236
202
201
108
127
71
183
42
6
121
243
21
97
624
161
436
35
73
187
73
241
233
96
9
120
37
327
23
13
232
12
3
84
34
26
113
113
32
14
213
16
124
99
296
3
13
179
49
41
9
154
21
24
200
63
2
34
97
23
85
97
29
31
48
129
14
10
268
6
64
87
29
243
9
101
142
31
8
79
38
22
45
18
23
228
38
25
26
97
44
17
37
105
126
111
12
40
19
187
270
79
30
8
56
122
73
30
45
14
34
134
214
61
12
25
0
35
70
2
20
36
260
105
0
60
44
1
224
181
115
27
13
34
350
9
104
2
11
285
52
33
108
95
93
55
99
204
45
53
33
51
7
148
25
80
60
124
13
128
136
103
79
36
6
187
40
13
139
21
23
18
25
80
36
25
35
19
174
5
20
49
9
112
159
119
11
38
15
32
87
100
79
14
110
25
65
15
33
690
19
304
43
17
143
5
135
122
20
21
40
18
148
22
5
216
218
66
50
13
41
182
64
113
79
6
291
162
52
148
154
23
85
78
210
43
36
127
63
64
104
34
24
10
163
140
13
100
48
24
98
67
122
100
24
56
147
282
68
377
492
135
38
13
133
480
122
391
303
287
2049
231
948
724
2038
3206
1359
613
70
1065
32
2125
767
530
307
142
714
1182
28
165
354
330
732
514
879
444
583
28
255
312
127
11
80
274
488
97
336
391
685
647
11
389
86
72
236
285
1403
686
205
135
438
120
19
31
58
4
28
334
43
274
7
76
74
67
60
77
333
231
524
22
331
124
23
508
38
134
229
30
423
401
115
458
27
163
376
81
391
233
359
100
97
20
49
31
37
31
1151
217
143
884
5
125
355
322
139
276
66
361
35
315
223
464
14
89
25
15
140
74
25
266
129
130
145
15
171
19
273
210
217
462
112
6
124
151
111
18
100
94
170
598
374
183
323
60
21
21
63
35
40
664
253
136
405
174
123
394
255
19
45
355
286
39
158
1330
331
63
239
107
133
18
41
264
51
62
207
288
100
69
150
157
0
417
6
71
123
90
37
22
31
571
97
879
321
14
491
509
34
27
142
91
85
328
59
138
68
180
147
8
616
70
353
14
127
25
317
95
68
62
130
145
151
134
339
277
558
636
91
4190
266
759
229
278
428
1693
276
267
45
257
155
240
45
302
216
14
38
38
28
147
236
18
40
405
154
640
253
167
69
70
117
82
184
17
83
106
149
639
282
82
148
99
291
269
1044
189
656
409
406
28
243
214
103
155
770
208
1312
525
751
1777
1067
16185
139
1011
1008
200
91
27
1343
1207
3660
4734
1466
658
769
1961
1904
1984
951
7
206
161
846
136
939
73
416
1758
2420
827
424
2315
128
1286
1959
1198
2434
1054
1146
66
322
605
9
4
74
2311
764
616
78
143
939
120
1382
183
1513
236
469
916
314
1055
5389
8648
4642
290
2970
15681
3146
1325
28843
947
306
4081
8085
907
691
189
104
2474
780
101
393
19
87
57
16
179
152
146
32
17
96
64
225
112
189
294
74
128
12
324
65
588
480
79
124
69
45
20
238
34
14
40
87
406
32
445
215
311
138
173
7
485
501
543
33
113
453
62
435
83
45
228
260
385
9433
1202
2894
1480
751
8172
790
3070
3448
620
2048
226
682
112
490
32
689
1362
100
476
1452
900
89
4970
138
347
384
47
513
97
23
478
215
50
52
351
649
61
237
91
85
1008
2297
2500
1169
73
105
121
152
636
892
22
4941
550
105
353
210
15
197
27
117
421
133
1891
218
212
3
353
95
721
601
729
41
97
327
598
740
532
1171
455
2449
273
1405
36352
711
184
619
654
485
1589
5408
722
2176
249
1709
983
644
54
196
6053
643
940
3954
245
25
307
3541
83
1419
117
1585
156
4133
2089
195
4343
985
208
37569
211
4785
660
2059
44
28
8591
3264
89
5
5
2
7
59
133
1059
628
241
37
683
201
190
509
1005
717
141
40
126
1523
94
312
666
298
187
248
37
604
142
319
326
16
101
180
93
23
14
7
14
182
62
50
39
48
75
79
220
3446
173
2494
9521
13432
29490
258
4011
713
476
171
510
150
1263
177
3052
84
26690
4560
15849
22517
17149
364
13345
311
