13
102
91
58
176
108
91
25
8
18
38
35
31
61
6
45
14
9
47
31
44
32
34
115
119
99
21
5
1
98
29
28
71
8
32
24
29
9
20
6
6
21
15
2
4
4
3
35
138
15
26
45
51
103
6
196
8
74
79
68
276
26
195
117
146
13
5
237
289
113
53
30
71
133
76
30
182
273
236
55
65
275
138
4
66
52
279
24
119
6
29
63
28
114
1
33
48
81
17
4
20
17
15
47
68
50
33
39
72
19
141
8
55
119
160
0
97
15
24
54
0
152
34
1
56
1
38
18
38
101
56
3
2
54
12
71
25
39
40
119
95
61
36
34
7
115
54
8
16
6
37
5
6
16
8
24
20
9
13
27
14
36
18
9
104
32
10
171
93
95
25
44
7
48
76
13
18
81
30
8
54
63
22
12
24
8
131
14
21
155
61
2
9
67
19
27
40
152
87
51
41
92
13
28
44
58
106
110
46
66
51
6
84
41
6
2
103
36
65
47
102
54
13
1
84
33
35
24
14
154
3
56
80
24
25
28
2
18
23
4
1
68
16
20
124
49
51
33
133
51
25
283
144
6
488
175
86
57
110
48
23
268
1
74
5
54
111
82
48
28
342
7
205
89
78
162
76
4
353
127
12
260
147
11
65
68
1
15
5
65
153
161
118
67
14
47
38
91
109
94
31
3
42
276
26
49
116
241
2
28
384
207
229
117
28
350
0
96
81
32
23
4
493
10
64
61
54
14
77
100
251
90
117
65
197
123
9
267
150
162
102
7
143
199
425
120
42
340
48
174
36
100
8
36
102
1
19
25
285
60
96
5
37
87
202
213
239
138
59
116
2
107
49
275
201
111
39
118
15
238
487
84
7
215
11
250
25
9
10
235
100
63
294
189
177
44
312
101
63
562
150
151
854
11
263
235
53
85
16
7
46
74
60
164
8
86
162
29
88
202
223
22
154
41
5
113
203
10
157
107
121
312
38
9
171
112
124
247
41
292
82
310
59
222
34
32
60
12
16
28
285
20
32
32
110
33
115
76
42
79
149
18
94
10
82
118
131
176
64
45
269
530
94
115
387
690
128
146
195
59
122
99
23
16
78
30
143
433
152
62
20
49
596
524
285
456
48
1489
47
421
1048
459
271
1387
1052
2234
1579
76
600
1136
28
879
734
4222
2942
1458
1958
28
485
21
1545
503
459
33
218
1749
36
203
736
127
1304
96
388
897
336
185
143
126
666
172
399
59
104
217
162
355
117
69
33
233
508
212
82
24
49
114
73
387
44
345
414
177
41
104
170
66
43
154
17
134
28
25
355
386
111
1338
625
122
545
24
253
339
83
149
1035
1641
1130
7437
1237
4437
397
870
3076
3076
675
788
1118
666
1053
172
193
4162
4111
1508
186
1769
360
466
332
252
269
1406
248
296
631
1533
5481
18283
744
4949
718
506
7246
1391
2692
461
1921
308
51
40
253
660
89
706
10930
9101
1023
2745
476
1648
21280
12022
1765
3445
4269
3418
296
6264
22126
1563
3035
1682
626
4739
263
689
615
179
132
955
1568
91
498
214
129
3793
11360
11494
3243
133
2248
1042
50959
4695
5759
23276
16468
202652
