73
47
45
49
5
59
16
31
8
21
36
8
12
139
110
118
85
13
63
39
29
26
185
10
13
10
68
13
25
21
56
34
5
167
110
42
11
87
10
13
62
42
90
39
33
46
114
66
152
21
44
40
52
137
31
8
5
6
7
17
8
109
33
84
136
46
6
28
225
119
140
14
57
31
100
6
322
66
238
142
72
99
58
101
46
152
69
20
40
9
205
102
136
32
48
12
42
5
93
35
513
51
48
84
106
206
27
15
157
202
212
11
10
64
176
66
249
289
351
105
111
181
12
91
57
136
33
195
22
3
85
20
10
286
78
13
56
480
9
80
44
14
21
7
283
179
364
5
100
109
1
79
91
67
21
1
6
82
81
104
3
40
24
70
103
42
118
42
13
107
81
45
329
274
54
67
127
51
150
130
14
33
80
19
176
46
54
137
7
303
124
10
181
125
40
213
531
105
104
130
28
89
118
85
55
293
197
15
73
71
47
38
2
77
47
8
231
61
192
113
113
173
37
264
82
509
70
4
103
518
22
43
3
274
152
374
77
79
26
42
296
173
518
1455
77
239
62
153
78
354
122
21
98
2
216
30
59
70
571
91
94
134
288
29
313
34
147
6
134
202
340
71
134
8
569
82
45
34
46
70
105
101
117
1
35
116
258
149
16
152
46
9
120
97
145
288
108
54
1019
415
790
2920
3399
632
8229
3168
43
991
15
1407
547
204
408
28
176
1007
1152
923
113
120
63
54
91
139
0
1713
449
165
390
243
152
45
90
175
176
189
286
99
77
214
8
149
43
35
268
290
269
162
99
17
44
105
120
103
72
176
338
219
515
1147
18
72
58
8
350
94
3
43
74
531
645
319
414
113
19
38
164
4
587
144
216
263
380
106
47
64
13
11
93
113
7
65
2
112
149
11
27
51
6
0
5
40
9
4
22
178
74
78
69
129
57
38
131
42
74
8
20
117
45
2
45
57
4
109
44
0
118
31
29
6
251
70
36
128
56
31
39
41
158
590
230
167
153
96
33
67
9
147
39
90
108
52
89
10
159
185
147
155
37
146
49
337
208
313
446
20
226
991
58
910
13
1009
2751
232
183
193
903
958
311
140
426
127
133
123
231
116
102
226
283
54
147
146
44
130
268
25
87
58
45
176
91
28
19
165
247
43
85
23
37
88
21
32
202
7
40
31
161
244
48
48
338
29
141
84
238
47
161
160
138
385
331
25
25
167
186
71
129
317
161
116
38
465
411
404
3
264
586
497
139
298
51
149
453
306
184
185
502
425
201
91
236
65
243
225
81
129
28
7
62
103
259
964
59
72
99
431
79
174
61
52
767
251
98
335
82
332
185
449
378
53
236
88
15
49
343
626
215
437
960
96
416
225
49
1083
374
1183
437
121
1483
832
118
258
313
8129
5039
2790
2262
77
492
1182
90
394
136
161
1394
424
1288
3071
90
457
221
1446
1117
916
129
113
533
97
232
808
211
55
20
117
402
258
13
126
71
571
634
383
113
1586
71
297
330
384
19
29
20
177
30
113
126
34
184
5
57
64
223
101
52
9
28
117
125
75
89
88
395
274
83
151
222
278
202
180
36
70
164
38
21
31
209
212
225
303
258
4
74
115
34
43
12
228
1
152
14
146
211
56
274
195
299
3
128
27
210
29
268
112
31
15
21
158
11
181
138
34
281
22
1
135
41
36
184
176
255
10
386
177
49
201
113
77
164
84
36
95
95
56
52
39
22
56
3
64
118
57
10
34
44
56
61
99
27
547
266
29
50
36
100
360
25
69
137
35
23
49
97
82
15
54
26
67
77
137
387
272
474
192
12
359
4
155
252
333
242
225
16
33
30
100
220
79
37
165
123
208
102
182
49
74
175
406
159
95
43
67
9
102
93
350
309
468
126
439
1129
72
515
26
629
285
1704
913
50
87
1514
1287
860
40
551
40
66
80
108
565
114
382
181
1528
421
133
651
727
2151
137
834
50
96
49
284
317
66
277
400
135
523
832
184
217
215
516
121
652
2566
161
129
3056
17393
2823
28
228
1894
945
1705
23018
1633
768
7431
99
2227
41
988
48
543
2012
2050
149
2123
2465
1207
84
1216
204
235
61
490
262
272
1735
189
864
254
647
288
1462
394
36
450
1883
325
16717
6437
1193
1704
1564
892
861
187
1403
208
1258
776
678
322
36
384
274
215
64
47
303
316
199
208
726
189
153
158
44
840
1173
2468
114
172
1382
418
25
233
1744
73
1959
28
1945
470
858
610
48
857
75
1978
143
8298
7379
661
310
565
3214
43078
2873
226
3517
1232
856
440
596
3247
2226
6308
159
1895
1644
1459
946
2078
2616
925
501
560
453
511
3458
548
92
213
1732
3465
2325
1362
1617
3146
26196
211
33289
19046
10812
85268
10823
29161
10558
28787
