148
10
182
157
26
204
77
37
68
166
1
2
114
23
30
90
229
22
29
10
85
43
112
122
66
25
16
5
32
6
32
32
91
130
75
74
6
5
193
62
13
14
97
37
147
103
26
55
82
11
67
276
65
62
196
405
112
436
69
84
138
114
143
96
299
32
137
14
75
7
310
72
6
75
255
91
58
0
26
18
4
59
98
46
37
31
11
65
21
48
63
42
44
100
18
26
18
11
55
7
5
42
16
18
10
11
25
67
76
11
1
58
14
71
68
14
143
15
161
76
27
8
7
37
54
6
7
68
46
73
41
7
28
73
24
14
15
3
1
5
12
29
1
74
80
92
50
10
68
7
162
50
21
5
11
76
110
20
30
0
86
19
7
18
5
26
14
4
81
147
15
14
14
68
7
40
23
30
22
68
36
35
25
108
109
2
127
113
84
52
12
72
225
45
2
45
159
53
10
8
150
19
70
25
60
28
10
59
32
51
15
9
10
21
43
14
47
10
15
50
57
41
34
32
129
21
44
65
18
69
38
127
62
133
17
159
30
53
8
78
42
114
193
8
11
66
22
160
19
208
20
109
47
64
19
1
220
89
120
69
14
18
133
102
39
201
62
91
131
22
58
97
87
125
105
80
51
71
8
11
37
65
150
39
34
33
103
3
3
3
178
3
24
4
22
56
0
134
20
14
24
49
27
18
46
84
148
4
19
26
41
8
140
144
34
13
33
4
77
77
26
36
57
115
16
44
41
39
87
14
15
43
84
1
4
45
95
18
2
1
22
5
6
136
26
4
26
107
40
43
21
11
91
15
42
80
43
267
90
70
62
2
5
120
89
44
124
9
178
88
6
94
80
8
46
29
19
17
2
11
111
4
5
26
170
91
110
16
85
87
77
8
1
12
79
81
37
29
68
23
47
9
17
148
41
1
40
16
305
36
32
26
69
17
48
97
12
42
6
10
4
215
189
4
126
56
25
13
2
15
125
50
13
51
85
15
19
118
7
9
12
48
51
18
69
58
4
47
7
35
28
69
35
2
83
25
65
53
2
60
26
291
38
67
52
95
22
104
56
70
60
149
262
29
379
199
102
179
21
56
134
27
52
70
75
213
140
150
21
91
40
56
48
442
119
175
134
149
41
35
106
61
377
116
341
220
7
21
48
91
48
148
68
9
129
41
23
97
78
96
130
108
146
107
45
296
168
6
90
75
61
53
13
46
34
257
904
316
422
281
59
52
3
137
98
60
65
108
213
22
845
52
130
95
285
1272
170
1029
81
143
129
589
762
138
5104
245
88
536
100
574
687
1278
16
1499
222
514
1406
757
103
104
38
1078
76
1883
869
110
85
186
753
233
1112
1840
621
158
141
114
935
569
13617
817
417
864
68
776
136
526
422
854
2331
467
1247
192
664
362
2200
2355
1462
1143
2940
974
609
1850
227
3792
7926
758
5830
760
109
940
1486
1095
117
93
3235
535
973
1130
341
63
794
518
1102
601
2708
884
3371
862
1061
298
344
358
1156
93
5947
13455
7037
3026
8972
2278
11578
8765
5264
1994
579
260
417
782
178
1988
767
1986
222
75
213
33334
11391
14025
387
1239
6646
147058
345
2856
9676
3533
1291
641
4720
68028
18529
1110
11926
62552
6085
244512
233
