85
1
30
1
21
47
33
76
20
42
75
76
19
179
21
29
135
4
7
63
11
54
25
35
6
13
6
25
164
114
35
7
55
23
7
72
23
35
6
10
23
61
1
71
3
29
13
35
19
90
78
35
27
38
141
10
60
202
109
20
35
2
20
47
11
0
161
67
70
78
14
7
4
77
39
112
59
159
132
14
29
43
63
10
6
25
47
44
165
85
481
604
38
352
110
103
52
239
18
202
291
91
66
33
66
10
86
25
175
193
215
2
193
39
12
201
38
37
6
58
11
382
79
26
134
238
307
131
5
36
1
295
120
153
61
61
107
622
27
160
27
185
123
248
152
51
214
192
213
163
477
74
159
372
107
6
160
220
111
190
339
43
186
420
92
459
126
105
93
292
611
65
291
236
946
398
2252
1368
4255
1975
1953
1107
4418
54
765
155
794
610
302
361
749
154
345
394
827
56
409
289
74
365
229
305
86
218
197
9
32
224
108
819
519
1325
276
361
967
29
782
570
93
213
864
389
55
157
179
217
296
363
45
43
598
73
640
48
299
275
34
360
637
394
534
404
229
47
275
39
84
20
82
261
324
238
395
302
28
35
114
156
226
276
141
12
265
8
358
158
163
361
135
452
106
333
47
49
63
8
35
40
112
225
164
195
501
738
177
18
94
1066
124
129
322
262
2
65
189
53
164
194
139
133
144
47
292
247
145
37
184
258
110
177
68
903
922
354
74
408
377
278
31
47
241
229
586
86
53
431
47
25
43
244
49
68
188
237
489
121
111
11
124
111
533
190
641
483
668
515
570
43
1487
107
180
619
265
333
272
22
1
133
1015
158
155
56
190
53
334
209
146
1048
665
317
421
1453
159
966
389
775
794
138
181
2200
72
2341
5659
2238
1070
48
2148
703
2415
8046
1686
740
278
437
1018
513
121
24
360
58
1220
1422
365
77
181
84
126
25
81
708
110
222
187
124
351
164
3
148
131
89
332
182
39
567
134
97
160
693
363
34
372
71
239
226
101
106
40
98
102
146
406
369
330
32
290
63
491
149
937
405
96
468
9
88
11
110
1264
595
26
142
340
391
364
1152
201
13
13
328
241
205
258
173
132
112
89
281
561
14
189
397
1593
428
4575
1078
1031
2347
1366
404
402
319
96
311
19
116
95
92
320
976
879
331
66
75
269
100
25
283
96
106
60
139
593
206
171
417
48
145
36
81
338
457
388
435
1319
63
146
125
504
356
108
16
63
396
2
525
1815
125
902
671
479
54
683
1009
693
374
94
82
2510
913
21
950
179
43
138
99
21
62
626
146
17923
2069
27
82
496
7176
1125
79
235
1486
3342
1093
919
1296
2741
242
658
351
230
3
256
190
23
181
291
370
64
116
196
184
82
116
10
41
43
1
527
15
186
33
98
334
304
42
335
579
44
131
59
709
136
1109
529
75
82
48
449
842
108
47
165
76
2
123
83
8
156
45
211
55
50
169
147
350
97
259
236
81
16
382
260
247
191
72
167
670
262
465
3375
4835
15
2252
236
57
1634
10220
664
