104
34
135
4
83
10
36
99
31
79
37
28
18
16
4
0
14
158
7
37
10
4
6
20
9
40
30
5
90
92
7
4
39
21
11
3
36
39
77
83
27
7
2
8
29
11
9
214
65
12
8
17
367
67
84
43
137
12
20
14
80
1
16
3
118
38
89
41
44
42
17
24
240
15
128
66
15
154
27
89
76
10
131
109
93
87
94
42
11
28
16
78
28
21
12
14
11
2
27
197
148
29
9
117
61
9
12
55
80
72
84
102
4
305
63
133
159
24
4
97
13
134
31
44
1
99
43
115
121
117
1
161
91
161
345
106
56
325
165
30
27
7
60
2
87
2
69
21
78
33
36
8
42
49
62
29
52
43
34
43
19
47
6
244
33
336
90
104
294
3
394
50
61
5
8
98
67
144
158
4
146
204
23
117
20
94
44
1039
209
57
271
121
104
145
732
286
1283
180
110
45
159
36
45
237
81
37
258
467
9
482
571
61
26
241
251
32
1076
50
149
444
346
1392
395
523
1509
183
985
594
441
1106
144
148
12
35
585
19
979
375
98
431
945
977
452
1466
451
495
167
55
135
91
255
52
24
227
231
187
2
215
18
20
133
336
207
525
434
189
372
21
22
28
168
181
209
276
76
116
64
4
54
43
440
30
130
219
29
93
89
122
193
314
300
1438
159
413
337
132
232
158
517
123
50
229
44
254
9
24
59
10
78
5
110
86
23
37
104
78
35
115
46
24
49
29
65
104
101
17
31
13
40
89
16
164
43
109
63
57
170
39
23
124
14
65
71
39
224
279
15
215
139
12
26
102
13
165
13
50
375
30
542
79
27
125
692
483
514
64
38
25
41
434
317
27
119
382
200
142
136
129
158
51
83
64
245
48
361
455
324
12
341
195
6
0
72
9
76
186
104
0
57
22
12
338
196
153
87
170
36
151
22
13
113
48
97
50
41
11
68
150
206
95
108
73
42
71
145
29
18
69
15
104
36
181
24
6
7
135
13
7
30
88
72
12
7
3
55
145
24
36
0
15
76
22
16
59
118
15
169
32
45
173
171
61
77
49
130
82
93
43
278
235
47
422
108
264
359
218
28
175
126
6
29
24
34
157
368
48
50
299
81
373
96
65
204
50
108
74
8
31
45
266
87
231
99
721
40
379
312
1315
134
36
149
241
247
137
145
387
69
21
487
129
38
59
228
55
354
124
86
63
59
24
164
88
64
7
239
34
40
34
5
14
57
46
7
3
99
49
23
12
13
37
12
4
25
34
4
21
26
134
63
32
12
33
72
9
356
103
51
32
24
90
95
425
120
52
1173
28
83
217
1259
73
16
211
1858
161
57
143
76
389
83
16
49
150
52
51
237
34
5
112
73
88
9
104
204
154
123
217
173
52
10
47
100
529
83
111
1024
94
0
72
2
284
11
230
393
152
44
193
339
226
56
63
1294
450
89
62
341
67
63
658
227
9
332
81
163
4
58
126
7
18
24
152
227
115
357
352
360
65
196
226
110
20
167
81
186
199
22
14
20
597
8
67
213
360
595
134
952
159
2597
560
838
696
1402
2305
1045
942
4073
4626
179
726
2054
504
405
1371
905
69
1273
272
953
260
379
105
69
187
41
15
228
202
37
15
182
147
92
123
13
107
29
41
177
138
13
97
230
42
160
451
16
80
160
86
61
61
131
53
30
699
6
26
284
306
576
462
31
210
360
714
143
303
183
231
36
34
126
196
42
12
140
31
142
255
17
204
127
18
101
39
34
8
64
13
11
46
16
61
22
9
98
15
95
19
203
147
298
86
150
232
122
180
129
113
131
436
50
150
36
57
46
93
51
27
15
63
153
45
75
96
85
6
91
148
198
15
194
126
115
153
74
371
22
55
35
121
33
411
210
159
135
19
661
259
7
289
48
449
60
2
384
9
245
50
10
130
270
189
11
33
29
0
59
78
188
35
41
269
101
498
311
290
19
49
125
131
74
128
118
199
31
65
26
39
39
99
7
26
137
90
14
94
33
312
489
78
125
167
84
81
4
11
29
88
68
93
49
50
205
90
98
14
105
106
319
42
30
46
92
160
70
528
156
95
22
127
96
195
112
255
288
0
12
119
169
203
51
71
127
64
62
33
78
31
53
9
219
403
189
35
268
19
6
24
97
185
49
108
48
33
64
4
67
3
153
47
94
23
68
53
91
62
332
236
269
26
457
64
70
177
31
468
8
265
59
271
144
101
221
240
64
122
372
131
34
48
184
125
74
158
144
203
162
143
545
167
71
94
21
120
112
890
68
38
60
905
723
508
829
403
575
33
87
55
95
1017
548
108
887
9
426
490
509
229
1206
1089
802
71
408
103
609
20
342
132
1058
234
3864
378
159
146
328
1093
105
4046
985
4723
2785
8816
2146
480
602
944
79
203
740
268
2693
47
115
52
195
371
93
1065
485
505
48
25
756
636
68
4
105
346
576
1147
185
536
112
559
54
568
417
702
1753
1521
82
229
219
227
11
1454
2219
136
181
560
1347
630
221
4448
15517
12812
244
9642
6735
723
3935
7612
710
182
12
98
446
1068
361
59
132
278
52
786
43
536
108
23
581
584
284
383
397
889
408
408
96
105
692
240
839
1248
1167
82
93
314
150
10
946
217
77
88
9
104
36
306
77
567
13
548
1197
185
66
2613
4405
4169
1453
517
884
4717
2331
190
3990
468
88
673
422
1645
1651
300
244
648
7819
3369
31921
1472
4
1367
450
350
40302
93278
38521
7346
96373
