417
17
39
32
233
64
49
128
292
19
47
28
145
21
98
4
36
188
30
21
116
62
484
307
410
2
228
36
239
29
107
13
72
238
556
167
75
18
302
120
26
39
14
40
31
282
72
2
66
167
77
205
222
154
142
831
51
686
226
2039
139
553
43
909
807
1591
2963
1552
1669
2867
264
752
409
241
650
606
808
958
243
214
160
250
122
16
13
359
44
44
149
263
159
139
330
47
272
49
99
71
102
46
73
89
29
317
41
276
118
547
50
12
391
45
174
14
164
7
127
4
378
63
101
106
27
23
99
8
7
263
80
84
184
19
11
8
14
136
155
21
112
4
99
173
238
61
123
603
104
239
25
28
79
416
24
42
230
84
25
118
199
213
10
6
6
311
116
252
69
37
125
149
298
122
227
53
24
144
50
154
531
122
203
151
129
45
98
64
91
505
252
47
108
217
145
167
36
268
146
13
82
16
61
12
111
296
31
4
36
37
67
55
4
69
183
189
85
11
35
80
15
52
254
261
125
143
40
53
80
80
27
23
97
132
2
50
27
11
284
75
447
65
194
365
106
164
437
47
242
357
250
4
119
56
20
163
76
51
5
17
102
20
120
124
36
22
418
112
60
106
133
142
83
139
93
153
14
22
219
142
178
2
221
323
71
112
146
202
192
101
102
165
10
9
9
31
112
63
66
186
193
30
30
50
141
249
273
51
7
64
211
68
195
80
42
29
54
188
201
81
50
405
99
211
38
101
91
139
9
151
155
68
76
9
39
108
149
48
40
91
554
124
269
4
207
302
527
18
80
370
159
162
381
431
46
432
114
157
193
315
40
196
176
21
403
280
305
137
28
190
202
62
118
91
51
366
164
986
113
596
80
24
1145
455
358
247
295
1471
28
194
1225
1176
303
550
116
340
63
191
65
191
102
349
513
50
594
285
282
236
42
51
65
130
340
175
174
77
426
93
168
45
110
191
98
84
238
82
227
275
354
51
114
11
471
209
108
28
92
159
58
35
85
18
86
34
278
35
410
42
76
128
131
68
56
77
211
168
121
402
254
1720
429
843
1123
1165
3011
4105
61
5373
8113
6895
691
864
165
71
81
35
1202
3050
994
1943
528
484
179
109
182
82
626
208
928
139
29
1707
136
336
18
101
74
37
471
74
115
50
125
1073
865
346
47
154
749
4688
2362
2653
177
1055
142
2098
290
5444
23575
28357
1196
1029
246
428
319
328
343
457
836
862
224
200
657
345
253
978
1010
6234
24089
2696
88445
7849
388
126
41466
347
3095
444
2801
