2
21
68
84
40
22
61
34
213
64
120
11
271
151
58
34
331
47
35
195
12
52
120
58
35
42
28
102
311
49
76
17
145
48
23
265
46
56
156
98
312
41
88
179
116
54
254
12
80
46
50
23
28
58
213
80
385
410
49
808
881
151
272
160
42
89
110
54
402
39
76
15
72
140
549
55
24
35
3615
428
278
259
78
519
786
1080
735
484
289
382
789
5
101
629
1805
605
319
658
29
459
912
402
3168
1608
845
97
260
482
1
2158
400
267
80
248
3
2163
3657
1523
1056
1808
6872
7407
4
602
170
2802
54
381
438
1444
1051
670
968
3322
583
412
38
300
24
305
504
860
157
129
239
239
86
174
241
736
167
426
280
22
214
60
311
27
38
57
141
44
220
42
76
118
17
24
115
381
125
112
26
82
11
20
97
26
154
37
299
50
5
114
35
924
1645
126
65
259
203
255
389
105
183
42
316
756
326
63
459
45
158
137
141
98
183
401
478
560
609
1484
33
269
1534
1220
496
463
1106
1331
1113
4381
451
114
637
561
893
219
56
183
638
319
230
701
902
716
2266
1653
179
673
1884
283
1123
444
247
211
2692
222
718
2814
81
25
97
369
224
116
479
19856
4940
259
1066
2104
362
1052
446
75
532
3351
686
733
423
195
15
69
339
247
153
30
261
129
373
304
52
780
194
27
14
308
9
345
614
205
51
403
443
213
535
425
756
377
197
457
906
24
509
397
29
46
58
232
194
215
1046
188
60
1017
1126
465
1328
61
646
185
709
292
580
251
222
62
237
299
155
555
15
194
192
183
48
198
86
22
958
476
1570
299
820
328
14
322
121
255
642
110
4115
262
888
489
452
641
511
91
1216
511
36
386
606
441
9
280
420
208
35
658
881
183
167
524
180
1803
484
174
403
228
369
994
795
160
172
43
80
49
249
65
373
765
83
51
320
235
86
25
89
121
83
108
839
189
63
22
224
258
260
487
179
756
1776
1960
1565
2011
15942
2373
1931
1488
2241
26
823
900
1437
356
536
66
362
120
479
318
256
18
2296
644
214
98
227
92
995
9278
1762
452
1001
120
4339
3088
289
3519
3582
5845
1218
2457
3336
333
14
774
11846
19353
2230
2545
1688
1739
2091
882
3203
197
982
986
274
1018
1019
934
72
81
187
342
1325
367
244
1214
236
6866
248
722
199
306
5850
2470
163
1877
3233
6328
23263
13991
701479
25470
