7
147
19
169
99
140
79
175
12
37
4
34
4
16
4
101
8
81
137
58
19
37
30
9
99
136
160
34
37
48
6
78
4
17
123
35
29
9
267
260
39
122
237
8
41
92
35
34
995
269
260
290
40
12
108
14
57
49
54
27
7
177
1
423
234
332
124
61
276
144
10
198
50
372
50
254
23
98
28
71
79
88
56
34
87
43
21
19
66
2
104
59
101
41
64
59
16
176
94
22
73
53
82
173
14
53
271
249
80
113
181
118
242
65
311
867
128
99
301
175
12
151
208
20
248
181
40
198
62
55
6
110
61
37
3
243
70
185
29
16
52
77
11
69
49
77
5
108
8
21
105
52
55
133
24
30
74
57
0
96
107
5
34
4
67
167
395
876
7
202
738
2
219
84
145
128
58
12
148
65
705
2118
106
369
284
512
1149
352
711
253
354
313
462
452
126
7097
5702
1199
1700
355
439
73
914
979
547
83
652
830
173
211
233
164
128
113
292
170
1560
318
424
802
112
339
558
259
38
209
206
83
213
244
89
194
121
330
247
114
25
113
46
277
22
119
627
78
211
574
475
989
0
300
154
812
358
169
914
47
67
117
22
118
15
44
152
25
181
287
73
45
84
32
277
107
4
2
194
17
0
136
175
25
73
94
129
445
368
19
6
126
286
5
115
3
66
215
2
133
45
61
38
34
11
147
243
27
320
23
57
6
83
232
136
154
36
102
43
261
491
1118
545
192
345
2
299
830
19
163
372
130
179
135
19
1019
281
87
94
151
117
268
118
321
77
218
224
56
682
46
167
198
616
906
48
880
825
103
3960
336
716
341
169
87
113
214
123
70
87
1275
590
97
1615
462
109
514
771
207
941
49
976
250
83
1291
219
219
3352
233
391
421
441
268
316
2286
4615
3181
5328
268
7570
1605
409
341
127
891
374
2902
3325
1892
1770
2808
74
78
139
268
194
89
223
1905
69
14
59
107
207
67
712
2984
643
2200
1668
606
550
298
117
296
156
56
53
662
1690
1572
187
4886
2119
275
3223
2579
311
263
64
162
786
722
1348
5669
840
1805
20930
3418
13125
485
247
1007
877
553
802
202
58
2249
60
151
29
21
311
73
2240
568
414
47
23
18
34
9
86
94
45
137
33
845
872
246
256
462
244
821
877
2964
474
2166
819
1773
6072
3337
2256
680
2223
909
5336
600
2230
548
2244
289
22
1758
11912
10550
8993
18442
443
39
2689
3439
377
206
5009
509
4688
12235
242446
