35
172
5
40
32
2
36
13
264
35
8
4
11
28
36
50
142
43
415
47
597
55
52
832
141
142
146
843
69
66
34
47
89
58
30
225
283
25
6
138
128
27
456
37
16
27
5
213
63
111
68
68
29
40
51
115
34
59
113
66
41
155
33
112
32
114
175
37
191
46
108
279
31
85
37
74
128
269
73
94
60
136
54
52
177
354
70
299
401
758
604
317
73
448
12
99
115
92
144
37
21
249
51
42
25
387
1559
130
879
303
402
1148
764
547
120
803
15
1200
886
1656
1443
5394
5216
342
5762
608
703
1326
1572
873
448
47
2739
1028
254
233
634
645
584
66
359
915
287
310
210
8
20
184
498
95
485
109
14
508
292
1286
142
238
148
3
235
293
270
159
132
89
45
194
1608
260
355
101
113
372
202
100
85
168
282
168
4
266
164
135
57
57
40
494
1007
285
430
484
561
88
525
743
104
34
124
373
175
90
150
31
92
40
16
12
226
1023
951
172
369
132
461
751
210
640
1917
501
1523
851
230
57
224
38
181
451
374
168
566
466
66
369
2640
1240
290
622
1359
1078
1941
5335
854
571
430
244
209
2850
2453
2572
3759
104
342
567
454
1894
9118
594
88
5243
481
85
174
293
582
2569
1533
345
556
133
1233
843
74
74
46
168
2350
1237
100
226
959
1281
1475
559
95
350
968
611
125
114
1501
198
233
282
1219
534
310
2194
5141
86
1736
1125
1017
365
3604
459
366
987
1001
1524
3836
51
827
1556
57
5675
400
1901
701
49389
1524
248
432
521
839
947
299
664
258
623
134
1668
372
202
527
706
887
28
737
22
262
242
303
1741
2903
1575
715
416
243
96
35
20
11
583
335
830
65
22
53
1856
290
5
50
161
972
2388
1191
1224
1126
408
16
169
1166
415
1274
411
199
870
493
660
1086
1073
2325
1030
2018
10186
16657
2116
550
532
905
3010
490
374
364
165
32
185
1054
449
1752
195
44
489
47
207
111
679
1626
1379
83
107
219
156
331
859
2255
796
2567
3210
2560
233
1083
369
409
280
438
84
377
58
20
9
36
1166
555
756
1823
935
256
1412
1523
1759
243
4113
1902
351
192
90
319
403
332
833
5
1581
18869
8394
7724
498
410
415
306
825
335
26
649
1630
713
165
1152
379
380
64
1577
796
161
1253
802
141
42
312
289
68
121
196
151
262
324
404
15
53
183
44
45
49
170
192
211
113
476
0
650
285
11
251
29
93
134
218
3
2
195
7
201
103
73
19
13
334
876
298
247
703
251
2573
95
78
104
497
445
1633
6420
2191
3998
3169
4035
501
324
360
297
278
1747
1013
880
19440
2870
90
2323
2339
1018
6446
866
988
336
189
7
235
366
207
542
274
563
1189
6308
400
1653
63
294
7150
806
1377
17973
2120
764
1399
369
1299
83
1511
1330
74
442
189
112
2897
17596
27
255
8131
1409
303
319
98
441
791
1083
295
2992
214
2129
495
371
119
1993
30
278
167
292
169
544
304
474
475
117
417
49
125
6
250
477
185
222
860
1674
1129
176
155
76
74
232
105
196
338
207
6
929
92
367
212
89
123
53
292
59
25
316
118
1
145
240
29
12
243
125
180
117
569
189
132
132
219
193
70
122
204
1391
2001
708
103
148
207
36
292
57
75
291
152
235
645
16
102
303
167
129
1087
172
1965
343
10383
1756
1059
28716
3946
4312
1208
171
4033
641
58
55
19
269
101
168
115
335
2416
3666
5112
2577
28093
297
14568
22622
6921
575
1163
18970
158832
160
3896
8662
4449
465
3168
165
1884
3108
4175
784
4923
1945
593
1647
257
4564
19839
666
391
50
2960
634
47
47
2812
2390
68
171
1437
2307
84
601
201
688
903
954
1156
5518
167
159
908
324
775
91
198
66
100
64
762
353
21
65
1750
63
283
155
118
333
14
513
1493
79
165
186
41
848
573
188
47313
1050
11542
21345
