1628
721
100
2458
162
142
339
64
1534
186
316
63
366
64
195
106
228
302
293
471
801
22
293
636
147
54
286
279
2020
360
734
285
239
232
18
24
1439
11
239
6
98
116
37
174
680
351
291
1472
458
89
139
284
164
2
114
256
242
33
129
266
38
32
13
4
1
3
83
76
101
21
42
305
149
41
17
90
8
59
213
328
92
22
126
105
246
69
301
113
52
95
36
63
24
109
88
220
53
74
149
127
97
89
63
47
135
19
32
362
1
636
247
332
34
467
236
272
86
920
47
23
755
167
293
359
19
177
29
23
49
48
111
195
169
89
143
2
98
15
46
107
260
48
228
222
468
313
803
94
285
436
218
185
216
6
144
19
17
29
21
85
217
22
454
17
23
26
128
3
39
48
241
68
26
200
45
25
3
25
96
17
37
8
76
8
6
39
4
59
81
38
58
10
81
273
134
115
50
42
73
121
89
7
9
88
93
124
2
27
71
27
50
25
213
7
141
149
304
26
180
98
37
225
1185
158
57
294
97
96
12
143
37
97
41
92
196
87
1
24
33
165
133
95
99
112
190
603
36
134
91
75
156
27
96
64
78
55
131
40
825
52
173
78
279
91
192
15
76
47
63
36
27
156
254
43
33
134
267
234
500
113
44
136
9
11
149
71
37
45
200
57
48
68
8
102
38
38
8
0
45
147
56
26
82
320
521
71
266
51
49
96
119
12
60
115
247
291
148
32
49
103
8
38
53
1
275
62
18
78
160
124
82
383
232
142
65
40
23
269
8
207
45
60
171
33
28
228
186
274
57
14
37
337
9
22
80
260
47
73
3
123
44
20
2
166
17
19
158
103
21
130
343
98
213
294
186
123
150
19
101
59
244
33
75
122
159
154
89
10
162
450
93
177
222
250
285
408
161
53
74
3
101
38
156
67
37
143
6
199
255
347
152
164
358
451
337
506
24
299
118
139
452
1425
451
663
878
10
1531
462
698
248
1842
166
603
2022
1045
935
1455
1248
89
413
299
392
220
436
436
163
406
54
509
475
140
69
67
182
266
390
187
75
107
392
1162
546
236
62
390
36
59
154
50
67
59
113
145
25
69
346
31
397
206
0
83
42
122
63
32
49
136
205
608
103
15
367
21
65
6
77
62
18
123
329
392
109
33
156
582
566
91
146
638
385
343
405
144
194
42
23
22
15
18
418
115
5
230
153
148
2
224
288
54
470
47
119
4
31
177
29
130
136
48
6
165
164
17
66
69
53
77
23
5
160
166
61
206
114
12
138
53
39
5
47
0
72
104
23
27
10
108
103
14
88
51
198
55
105
54
165
27
6
88
19
321
55
39
110
128
33
13
123
87
108
26
63
40
97
102
104
0
28
103
31
386
70
120
97
89
129
13
161
6
23
212
32
52
261
27
543
91
152
74
263
35
212
44
108
17
35
304
76
18
12
123
163
373
120
361
27
45
223
62
37
34
24
112
119
86
195
87
9
144
78
81
112
37
11
107
66
92
89
125
10
33
179
72
219
186
149
86
453
285
157
39
95
69
237
3
639
8
39
69
379
153
91
54
32
292
333
36
18
143
88
275
254
365
68
250
269
18
244
35
26
106
76
96
136
21
7
189
54
57
51
132
225
106
60
511
761
546
281
82
161
27
114
505
144
158
109
107
313
123
346
94
8
48
170
230
294
316
217
239
132
40
69
103
50
34
175
322
65
306
26
21
50
125
12
213
216
126
356
125
375
170
136
155
18
5
8
46
34
1
135
91
0
59
98
13
60
19
162
50
67
43
153
9
32
38
99
135
107
69
40
155
73
56
33
22
101
104
52
67
128
75
28
58
39
58
123
510
497
230
98
68
99
4
295
162
243
76
11
115
155
217
19
71
416
160
36
3
30
142
1128
73
1
20
49
116
38
42
124
175
63
56
54
327
40
6
89
16
40
88
245
28
6
36
172
55
143
88
116
102
25
28
82
44
19
59
2
9
17
168
49
237
4
546
145
126
44
164
152
397
121
363
66
358
184
123
69
10
116
44
67
101
103
252
89
111
93
217
25
180
201
368
345
26
182
123
97
16
38
82
17
247
40
28
7
131
136
243
11
1
3
223
75
145
108
205
59
238
59
54
308
293
17
100
186
43
8
124
82
405
55
148
67
73
189
8
14
2
37
17
65
60
97
35
64
31
201
25
61
7
127
27
91
15
17
29
72
6
215
108
51
4
268
15
138
69
148
50
1
129
12
201
361
160
667
290
123
62
610
945
1038
577
1381
1
1956
2156
899
540
732
240
27
456
531
1243
181
2266
429
446
1072
967
1634
893
25
376
39
556
24
754
949
876
676
265
692
1056
1169
31
240
668
83
243
7
333
1188
18
77
1221
817
230
709
1530
72
55
30
2208
561
63
549
2331
336
132
173
133
17
218
116
204
76
111
110
697
55
253
201
218
79
59
6
48
206
30
62
49
42
196
676
144
69
3
50
54
97
108
25
114
68
380
78
165
107
137
416
79
200
32
146
39
77
90
4
151
51
373
223
46
34
10
108
162
240
122
140
74
2
35
46
116
542
218
1140
239
8
169
923
32
329
61
541
128
753
94
69
13
445
364
221
92
57
14
97
312
83
147
359
275
118
183
3
107
33
64
3
95
168
493
82
165
18
463
99
86
927
996
156
387
922
157
234
272
565
138
128
5
94
135
301
48
93
608
5
793
245
726
595
189
481
726
418
60
1015
984
387
94
171
116
593
505
66
53
2890
1025
435
241
39
487
1857
1059
181
1201
4158
3386
1430
11842
2428
441
2254
331
105
356
668
399
47
522
623
151
333
76
886
219
152
597
48
382
24
3290
288
335
575
1424
272
118
41
191
409
76
170
897
444
457
291
418
238
139
585
417
454
4614
365
6372
2980
1011
299
618
626
522
171
2878
134
1326
375
79
877
38
268
214
262
73
202
52
5
245
35
317
147
564
137
118
149
798
26
14
69
179
200
111
87
147
202
217
4
435
90
200
87
12
224
69
200
195
261
332
385
404
4
163
24
629
140
258
84
9
98
583
173
156
94
277
3
47
98
66
85
225
192
151
9
160
364
176
284
109
39
51
151
125
157
38
62
113
6
510
56
187
73
42
504
194
164
341
18
327
379
168
431
262
158
723
703
247
326
177
535
711
3853
734
133
210
395
34
579
899
7232
572
255
90
224
3725
948
870
12
486
391
86
629
17
31
892
1117
417
23
54
124
318
884
607
97
156
73
1004
150
5
18
125
176
132
246
248
968
740
377
98
388
651
257
117
65
311
87
312
316
20
44
