26
550
71
580
2007
63
164
15
284
85
182
186
250
12
152
73
131
175
39
481
109
232
423
273
1061
154
2155
726
197
219
240
118
149
260
629
881
533
128
403
670
77
92
28
429
193
18
66
422
39
145
309
34
187
187
204
23
66
328
21
326
186
46
70
113
225
247
319
19
148
84
302
143
396
87
16
130
538
667
561
260
375
1
11
467
97
155
81
169
155
36
13
26
135
367
142
144
159
162
228
122
73
68
524
83
120
193
150
61
44
102
482
263
209
2257
99
401
1029
372
340
46
312
408
593
611
114
192
354
14
234
642
221
108
207
64
13
1233
1779
523
21
75
214
521
329
50
41
436
628
365
739
484
1134
292
876
1823
530
1220
52
222
7
2663
763
683
689
29
482
1000
1107
202
395
222
592
153
638
600
245
72
238
283
112
299
211
8
2
214
966
26
203
455
632
121
61
123
746
151
232
181
294
108
229
222
227
232
208
137
14
44
91
808
342
78
122
132
563
82
214
51
73
14
363
402
111
146
57
485
2026
724
339
738
1031
3365
534
1615
68
239
57
81
470
10
364
193
2704
674
2984
6846
3336
5288
149
141
1259
445
388
2452
188
1024
1254
3023
1167
422
644
284
65
288
672
190
612
79
297
643
300
123
431
267
352
186
120
142
83
164
1
2
280
775
857
822
540
109
5
1463
1060
1321
472
1039
119
2304
2598
643
1139
3177
433
502
211
8
312
881
359
1264
244
838
954
421
1225
374
6548
2911
1235
598
3961
2046
385
46
365
2474
16562
7110
4706
182235
32082
240
973
773
264
2212
237
401
200
601
330
29
283
111
374
1641
19631
1676
3210
254
426
143
8042
15351
5414
36636
898
203
132
878
144
562
2920
4838
11030
4848
2854
1098
394
78
832
353
176
82
1741
306
797
467
158
75
158
360
100
54
7173
16407
705
7545
458
247
391
129
1360
289
32
328
1
113
168
315
328
524
639
547
859
998
65
691
4148
982
1536
1543
597
17111
1212
975
37
53
783
2046
925
3503
310
3789
2012
167
77
61
313
455
376
2550
368
1143
786
4951
1437
3559
504
756
2386
639
2924
508
375
73
4
55
277
353
189
108
612
197
225
549
667
550
511
264
589
87
599
108
520
127
735
335
5543
1284
2508
2741
1763
791
94
1433
306
10999
456
499
14079
15037
263
405
2542
857
124
47
48504
7867
2850
690
783
2356
335
2742
740
358
3028
476
12979
714
4834
920
5110
172
500
175
48
61
47
584
398
1103
893
887
30272
3194
2376
17704
15
890
5363
2548
1627
452
1373
18565
1207
5805
5002
9718
15654
6311
193938
1923
2457
6944
2460
186
342
106
379
889
5671
5121
4902
221
2817
2830
635
85
358
5407
222
1985
2262
2174
1873
4684
9156
7180
8034
102
330
113
1507
1519
751
542
308
334
1208
5869
247
216
180
27117
13839
34
550
4
188
377
65
264
217
1999
1000
159
153
1606
2461
3357
1761
20626
18496
9562
5914
16912
44783
1069
536
7601
5268
3973
4471
2031
