115
161
94
96
426
83
69
52
147
268
51
164
17
16
34
80
317
138
70
49
79
60
351
190
366
4
9
341
295
245
517
209
60
46
186
38
136
13
522
46
259
274
42
457
141
2
65
72
153
28
819
308
443
218
1581
39
255
506
15
26
643
225
4
483
817
51
62
96
112
130
220
198
217
396
164
115
2238
3883
88
946
175
1734
279
212
68
215
240
83
112
27
17
283
27
435
234
554
624
802
3462
1704
2804
706
9672
1096
349
1368
1436
4534
2974
991
376
409
499
117
1517
1235
1444
17
417
170
313
710
23
171
1065
313
207
2785
962
104
105
65
492
845
690
663
139
1640
3780
434
1123
3084
191
821
2465
2694
644
133
10287
639
3561
902
8617
3138
402
19
7047
5734
1716
17504
1083
17190
3089
806
1585
147
1810
274
5367
1211
6599
28077
6209
1855
19710
7006
2996
425
4933
62
5710
8030
1411
1373
1123
982
1307
1446
644
64024
1464
13058
221
392
136
4360
5903
37111
1676
742
1068
428
1679
4465
9276
10226
144
4041
1207
89
9963
1667
12075
5046
4895
2822
334
7068
66
1677
90
4070
102
2102
1297
56
24
914
748
169
3266
3105
5683
1148
225
288
4248
3704
1438
1375
7979
6944
24887
16260
1813
6873
309
303
77
632
1508
328
503
1118
1235
2301
6692
442
1587
219
655
557
79
1256
139831
868
554
4008
9125
5231
17404
62727
18602
79
7207
1453
874
8466
404
1372
898
11840
1274
29432
335
411
8
79
432
319
285
157
844
236
348
451
3496
27627
1943
595
639
1875
2216
3660
6194
2317
241
468
1350
233
12658
11677
1268
2249
170
1470
329
4106
176
100
108
26
131
469
591
197
7
2471
335
614
2814
75234
27
160
89
102
69
18
240
5768
6752
603
286
153
136
703
8521
1729
113
439
167
114
11
210
2502
8383
3602
19813
16071
5822
136
40
2214
1756
424
175
30
61
85
185
1224
942
171
259
202
176
1923
126
389
114
82
1763
838
14
929
1611
663
2595
361
41
3103
109
388
2994
2089
66757
3416
23135
306
217
2152
371
2297
11
21324
1439
17949
423
17339
314
46742
6087
8498
15939
65
525
3464
219
355
184
4719
3232
3240
12445
1561
43833
49
11969
2309
12733
66694
4073
89
407
342
90
1513
1576
242
862
6840
1223
25
2795
196
69
21
1060
147
14176
1771
52856
381
1798
1030
9115
2682
1492
179
3488
54
88
958
123
832
51
121
204
1269
1388
142
589
1967
490
336
1521
178
14
178
41
76
1611
59
57
2641
129
895
489
359
440
993
5427
1905
1457
451
76
771
280
168
1104
1237
6445
40986
5342
198
89
3181
146
1755
3324
5335
1556
133
44
17
4742
3357
8419
8713
1876
562
16131
6992
2484
660
243
1710
958
614
545
7395
6443
26164
815
30
3496
322
36134
65
2486
72
12555
2255
3781
515
70
65
175
150
7070
584
407
3880
307
318
5988
1812
621
136
25
2112
172
502
38
505
46
13667
13659
11238
121
5413
310
133
4561
422
2711
1734
11304
6022
327
67
816
657
253
499
4083
2951
1585
145
170
4774
65876
187
1633
432
127
171
303
46
57
1663
69680
6503
31687
847
109
5995
4522
17912
18827
36335
29315
4551
514
21
2625
65
16
25
57
203
823
576
90
399
15723
845
193
88
75
100
740
3038
561
1182
2238
347
40574
10731
8850
1288
1065
139
735
7476
184
574
1100
1948
68
51
125
202
4974
454
324
64
9
2756
14
226
801
181
33
866
628
427
68
324
3618
345
1562
4618
37900
6340
242
33
3790
175
2961
2746
1795
288
1364
898
99
8
10
7
5
5
1602
185
891
130
247
150
1000
53
188
889
63
2295
782
445
232
2300
274
1952
726
274
541
1132
1527
126
29
3053
201
2003
2268
563
2838
205
815
339
99
189
201
178
194
496
5788
2999
4003
37
109
305
18477
7142
1758
380
254
146
78
378
104
132
74
1494
95
6112
37
256
356
56
690
111
19
125
530
74
142
213
3586
511
233
128
784
142
43
2
527
83
75
17
56
329
130
193
344
185
190
41
49
1
