164
28
42
153
12
58
59
216
33
64
28
74
19
36
50
135
11
33
25
27
28
79
17
32
0
17
34
9
122
14
6
39
211
76
251
69
26
112
263
495
172
75
73
16
137
5
116
40
43
2
18
61
2
146
138
36
4
8
267
158
122
129
22
20
39
309
238
30
92
178
53
173
10
98
102
64
297
89
432
212
60
87
170
231
71
353
336
149
129
92
33
49
129
104
20
7
86
105
194
74
21
57
2
146
19
30
46
43
46
8
28
40
130
279
74
40
129
176
103
162
432
281
167
247
177
2
267
141
106
143
100
38
50
97
199
337
57
128
187
54
280
97
302
145
6
44
174
106
77
253
268
38
9
31
231
148
244
14
71
25
102
219
6
30
473
594
127
165
48
43
548
89
107
602
191
59
36
490
0
53
136
4
12
121
64
123
15
64
200
185
77
117
3
21
119
493
7
104
12
62
37
732
14
35
405
173
9
414
116
15
63
73
50
17
181
187
84
264
10
68
403
57
117
102
194
28
51
482
407
171
385
138
273
23
157
974
1243
401
143
133
268
40
292
139
15
310
26
260
83
144
32
48
68
223
39
99
117
45
64
93
56
5
75
39
115
105
42
102
157
100
344
149
112
27
125
96
429
44
118
77
63
766
274
89
184
112
109
252
637
656
319
2
1059
75
299
56
34
197
35
1
81
88
245
216
211
85
9
219
147
33
53
88
130
56
36
33
76
822
648
1036
117
70
153
138
779
544
287
98
205
177
230
231
32
69
558
78
31
170
290
150
88
291
47
1147
1781
46
971
170
1087
1084
82
168
5
286
164
40
112
461
806
8
65
558
15
369
1404
452
749
496
280
19
3666
1778
3971
776
1001
577
682
218
1649
2206
10
67
1001
37
396
76
45
87
66
25
3
358
507
178
117
291
6
216
795
6
311
479
215
21
83
722
12
68
104
161
339
175
17
100
150
208
164
67
8
28
155
399
514
410
83
371
54
544
303
546
55
75
13
249
91
132
215
107
156
129
39
61
95
277
357
69
40
72
11
6
172
27
28
8
112
47
88
166
55
225
180
104
417
4
28
220
29
94
21
97
230
62
868
38
135
387
278
627
13
3
34
32
16
22
171
613
111
36
443
727
15
42
50
61
170
140
115
104
220
57
22
151
70
17
159
159
0
84
16
5
112
66
56
69
23
56
181
80
105
32
56
33
47
106
23
78
12
59
323
209
4
18
183
35
129
421
5
40
210
272
100
102
78
86
3
331
211
14
12
12
7
1
183
198
10
125
28
18
35
33
86
28
23
21
26
30
29
79
25
72
51
21
60
1
5
82
61
106
9
59
23
25
78
162
14
36
15
67
122
14
33
81
6
28
55
23
5
57
27
2
3
15
86
2
74
36
19
1
128
47
151
3
137
125
36
81
196
56
39
5
110
3
53
103
19
42
30
173
186
81
16
50
250
50
671
261
262
60
204
41
71
280
35
150
555
138
299
220
1515
603
153
134
127
64
33
13
152
11
370
117
8
46
437
98
29
321
6
422
247
151
226
5
47
33
23
208
33
13
631
232
352
9
357
134
31
29
85
99
369
72
68
36
102
24
189
10
29
101
33
69
8
5
48
98
101
47
92
91
105
83
284
254
54
21
109
3
184
105
2
125
11
43
77
95
6
227
90
391
35
6
1051
506
98
92
177
910
394
295
570
118
119
470
49
93
29
94
170
703
