137
970
1710
78
1102
660
252
1985
620
343
883
81
31
604
188
2
113
175
34
164
40
463
32
4
155
31
19
55
17
198
50
79
354
1
11
90
27
114
54
467
105
148
229
44
156
117
91
116
33
12
217
44
95
6
22
456
10
18
92
12
147
47
42
19
14
9
197
437
18
205
19
13
103
174
214
63
21
16
88
14
53
127
59
29
254
64
391
49
37
59
94
94
74
218
116
306
86
14
94
421
259
84
98
66
296
13
142
14
28
171
93
4
3
16
76
65
107
45
46
24
105
21
57
186
50
37
176
92
5
62
72
49
43
26
86
11
14
31
191
0
156
49
120
109
51
13
41
2
21
7
93
6
28
98
18
50
12
100
145
81
79
19
228
230
330
321
73
38
148
202
22
222
281
158
18
71
138
43
270
18
177
117
290
53
125
40
19
84
90
37
110
149
19
22
9
42
25
215
6
86
10
9
28
110
59
24
35
44
78
31
52
45
67
29
110
22
184
11
297
81
264
76
261
53
25
61
170
20
6
41
9
12
3
8
93
191
16
153
94
61
53
1
41
10
85
44
2
155
5
405
11
47
75
143
303
12
85
41
115
114
380
339
90
171
112
130
510
468
1418
203
72
143
209
33
239
161
10
29
236
65
53
27
57
79
210
344
32
33
546
10
4
24
172
19
16
94
193
95
308
576
162
264
203
215
135
247
89
151
68
120
2
48
745
138
91
136
150
56
107
13
55
325
143
6
256
89
107
178
0
140
64
31
49
153
2
75
18
130
545
481
105
93
141
93
7
426
27
159
45
126
236
119
29
159
56
85
341
144
8
241
1758
305
174
279
37
173
391
203
637
665
385
63
293
761
2899
330
169
1268
980
1003
193
493
174
646
1081
1233
688
660
1383
557
226
3263
1465
1129
6
8039
4865
10889
2559
2211
3446
1185
109
3335
2871
3155
3829
1501
745
65
475
1247
1006
702
315
370
2459
614
413
569
414
4545
7439
962
1051
849
282
315
2592
516
461
798
1769
1044
701
654
202
262
545
2107
3
116
3591
7676
12685
864
1182
501
530
2227
663
819
2173
407
328
925
3109
503
110
665
3751
527
2627
13230
3751
880
1047
313
1641
14082
2345
5669
615
1299
18445
896
1439
2941
6122
266
3992
1407
732
672
2784
632
3334
226
183
7289
128
508
156
489
619
487
1679
227
1312
3031
256
1911
1935
734
2752
304
4886
1091
73
1775
733
5160
545
819
2649
10048
9509
