132
1322
46
186
601
277
314
273
208
60
288
62
458
834
1989
24
17
186
256
426
40
46
274
168
185
20
255
69
28
108
305
205
46
244
56
93
238
322
77
200
78
411
95
240
38
758
87
107
26
113
128
36
53
162
548
33
376
67
204
277
16
1077
137
266
54
40
136
195
151
128
21
38
154
127
8
508
432
337
144
226
402
502
144
45
22
305
22
315
113
248
366
151
11
192
161
55
35
317
267
502
178
134
157
69
1040
9
668
71
1818
226
10
675
393
146
50
61
233
118
168
610
54
404
202
35
60
13
555
170
158
206
28
165
665
148
316
51
828
237
506
825
1099
126
135
88
110
601
562
6
293
197
73
219
103
9
216
78
127
94
259
140
309
79
160
12
220
70
40
150
346
65
76
87
212
44
17
95
4
242
0
216
87
173
8
3
102
71
65
68
20
0
226
15
49
2
260
127
977
247
986
104
76
2547
332
207
899
110
1318
433
562
32
275
361
109
417
1025
30
166
226
64
332
195
4
270
26
33
69
717
121
9
225
254
266
41
116
51
151
199
51
297
38
147
144
107
245
88
161
97
86
115
10
87
31
146
126
149
177
166
211
881
134
69
298
432
199
207
72
70
24
89
35
47
45
34
205
155
436
1401
547
670
151
1469
849
74
229
590
140
2238
2897
592
1076
122
279
3134
370
3951
608
1999
4569
1318
62
69
2600
1299
56
33
1526
175
653
104
105
464
1383
608
163
7
3098
1249
64
2504
3502
685
816
57
1390
73
1582
681
1444
198
1787
532
4552
161
2629
1193
685
640
175
566
830
152
44
311
619
474
288
119
97
41
4
50
109
536
37
140
26
444
77
179
637
428
35
1339
567
1573
445
542
1259
281
970
329
285
1809
1731
872
2752
1352
3843
158
347
68
508
7841
764
5540
774
256
1936
1475
55
105
4284
100
315
559
313
1
237
201
179
268
283
61
116
378
350
47
183
359
88
344
760
268
126
60
402
863
308
1264
1963
280
1027
723
512
984
1808
10
117
5493
242
1497
511
987
3576
1168
821
626
2294
234
877
629
1118
54
680
930
2253
1461
297
75
164
80
240
563
504
1945
124
2583
291
3033
581
735
538
1774
2245
2366
839
3046
1828
159
876
78
2198
10264
5650
1133
61
1495
69
724
532
151
359
10
9
14
437
257
2393
1644
37
1891
412
9708
1585
1901
258
2253
178
708
1507
1350
1547
109
600
145
54
35
688
13
145
543
1465
962
28
1045
524
222
245
187
475
753
324
215
447
592
797
169
1035
33
291
578
525
523
240
713
2915
1299
14741
105
1195
1853
708
802
5812
3070
2802
466
400
416
5336
38
501
861
349
257
15
1423
252
492
439
54
31
474
826
574
790
968
523
380
788
283
1024
1783
152
2067
790
2877
1563
111
627
200
582
950
1641
520
427
354
719
539
1416
372
2231
153
149
840
227
3707
635
379
464
257
645
1717
1159
3402
1391
495
1312
9297
1756
6404
21005
300
211
94
1295
12
502
330
2735
5182
4627
1109
1860
4137
1284
1324
10164
4066
403
2318
1341
19515
3739
13032
1360
4779
1502
30433
63016
34725
62
24869
274405
38220
95675
58098
12209
4581
1882
