35
43
1
120
15
56
63
30
13
26
73
21
152
5
54
20
10
40
34
12
0
50
1
45
58
54
45
17
15
19
34
35
16
79
89
4
54
33
25
12
92
28
13
17
104
151
15
3
17
36
29
210
14
51
43
36
9
223
20
114
4
57
32
99
32
69
88
19
56
6
16
32
0
2
30
112
84
14
4
24
190
70
12
59
75
27
33
6
46
3
48
30
13
117
72
33
7
5
27
131
17
27
23
15
116
87
53
142
84
17
36
48
17
7
59
21
51
54
9
15
37
220
66
153
35
55
45
118
27
19
13
103
210
8
186
40
59
23
45
54
15
13
56
87
6
45
1
7
26
6
42
44
159
48
48
9
113
68
2
87
110
43
48
79
5
73
59
10
87
23
14
88
52
27
29
38
39
83
235
17
55
39
54
21
28
36
13
41
81
40
108
28
12
272
451
23
40
176
41
15
41
108
15
11
36
53
99
29
70
28
24
164
1
175
1
59
51
3
28
53
55
162
31
123
148
21
119
52
89
72
43
24
21
109
150
2
294
80
46
185
454
131
102
157
422
317
78
169
115
38
234
663
23
291
128
136
117
23
240
555
671
551
391
12
37
802
709
1103
402
489
68
544
649
137
202
195
1538
310
1432
221
368
836
283
67
412
89
1358
76
1662
27
293
1471
355
1627
2992
1059
1355
3372
625
405
315
4589
194
1078
536
2203
1323
153
836
569
58
431
467
215
1344
1029
467
47
553
373
85
32
296
490
730
140
262
499
370
473
54
127
1311
411
485
295
129
75
129
543
312
174
2
367
33
332
160
175
243
50
177
56
38
125
103
26
139
87
83
47
49
122
137
73
43
29
65
126
4
104
28
162
38
231
410
40
441
455
113
485
420
6
78
368
85
41
15
125
103
308
71
20
10
74
425
494
196
297
234
216
20
22
1453
2
830
14
717
271
183
418
127
158
631
1779
289
109
101
56
199
29
28
230
365
133
140
59
8
32
250
204
250
128
120
1237
798
181
142
251
1399
1677
656
176
721
444
743
35
822
1087
1961
2805
91
65
477
1813
268
144
165
8
45
141
154
1479
2743
3746
24
17479
7963
9124
1092
582
11
59
1666
453
1874
4
1542
921
158
658
220
6164
2113
400
67
3467
885
696
29
220
296
217
1398
932
1863
4988
1758
374
3806
118
2922
91
393
429
241
757
37
72
653
650
394
289
151
1012
337
2924
4594
19638
2744
1341
1669
178
6179
2264
64
591
1647
1751
218
160
17
577
462
344
75
437
29
102
1430
153
105
25
118
16
59
319
18
1660
473
1840
20
4459
1957
8540
8956
7158
845
335
290
51004
22153
1440658
