58
31
60
368
20
158
56
28
17
292
56
20
17
142
171
184
45
49
73
60
73
41
5
2
97
32
37
51
40
33
11
18
27
15
5
25
30
6
34
28
6
27
19
6
1
20
19
40
0
2
5
18
30
7
39
32
42
49
16
89
24
59
28
24
9
12
3
25
79
31
32
37
7
10
131
21
4
22
64
12
42
19
86
20
4
12
44
11
59
20
3
210
13
14
21
15
12
37
19
49
0
1
47
65
29
6
36
19
23
31
67
70
73
236
8
72
98
31
61
53
4
25
34
90
115
25
38
35
309
1
5
21
164
17
109
81
81
73
42
10
37
5
72
303
212
31
47
19
74
69
90
45
22
14
59
1
32
36
114
461
49
0
6
87
57
124
51
66
110
28
127
127
49
161
45
177
135
60
8
8
66
24
100
8
5
132
305
97
142
70
63
33
32
16
33
27
79
203
288
718
58
583
1361
29
220
67
165
45
80
111
155
1
48
333
30
378
26
174
464
294
53
101
345
132
320
240
349
80
80
37
88
300
100
22
38
138
306
318
1242
467
186
155
81
1401
1875
293
1174
5594
2521
62
65
911
1318
795
507
243
134
118
233
84
867
308
646
106
333
12
189
175
112
119
8
63
478
195
115
62
528
539
419
502
171
220
246
42
1884
435
131
161
91
644
264
120
5
136
160
157
35
23
5
57
39
23
605
5
210
50
344
26
494
657
24
337
1106
137
230
52
31
137
65
8
86
126
94
39
97
49
197
317
212
114
68
0
173
12
230
201
128
25
10
13
59
790
185
50
22
153
358
65
92
175
369
197
283
56
98
61
148
23
106
91
309
95
16
61
188
86
148
55
336
95
6
152
14
8
51
33
105
70
150
261
116
40
106
10
120
70
55
210
547
87
88
117
84
137
37
417
453
39
396
190
2
433
445
163
297
41
4
161
16
70
38
36
38
2
40
36
42
4
3
42
104
3
16
23
231
213
67
73
28
241
336
126
11
196
122
121
127
161
450
239
57
171
53
131
144
117
621
169
1252
212
294
1000
1750
123
776
1066
128
536
1401
576
314
122
4
120
106
1366
682
89
91
374
585
181
1016
1247
566
335
1267
1664
2692
220
961
805
145
3241
1626
316
217
1033
190
48
1559
831
3444
14477
176
1013
53
1315
951
3
102
196
419
3069
239
322
604
324
1213
208
111
1227
1220
955
655
981
267
1571
2433
3657
452
19
125
567
15
675
190
793
309
771
31
2522
39
524
447
2198
295
851
1456
821
8015
9810
8399
17248
38489
230
14545
14949
17875
