263
8
85
138
191
169
181
363
54
55
63
94
24
65
26
67
51
2
44
17
2
69
157
104
28
136
97
35
98
55
68
4
61
52
78
14
109
15
64
52
66
9
12
85
17
25
60
78
34
15
75
49
25
63
38
63
69
25
45
86
18
6
78
39
99
42
87
236
30
1
110
124
173
256
167
36
110
23
92
79
3
108
50
142
47
33
120
6
2
136
60
55
60
14
67
329
25
44
127
125
27
486
514
204
342
15
224
10
220
124
133
28
181
8
93
334
139
19
280
138
21
140
82
247
221
77
55
124
70
69
305
51
29
39
24
17
35
51
2
80
34
222
6
24
25
177
183
67
32
142
57
29
54
5
9
59
58
117
73
11
284
197
83
241
25
58
40
733
314
183
50
213
14
645
37
58
16
96
6
31
6
164
172
217
79
5
169
78
108
192
179
34
127
374
3
808
71
167
123
142
154
257
64
4
105
19
68
35
105
40
97
243
5
64
151
57
145
150
294
174
99
23
7
111
151
705
97
64
40
536
122
10
14
210
33
269
244
85
409
186
170
855
270
58
245
129
7
538
303
211
109
130
565
560
9
796
566
349
247
186
262
322
1150
380
5
340
258
28
1524
1452
66
118
0
408
224
91
213
67
182
653
226
328
236
243
1107
290
81
116
575
1144
39
26
775
842
1086
70
725
739
80
187
1956
385
206
526
885
1170
1498
119
7802
1825
1305
870
869
2180
1067
84
391
351
408
798
351
502
133
298
967
389
249
1289
294
217
451
240
348
300
1082
391
38
181
730
229
109
621
359
386
825
47
720
161
1079
56
248
116
36
2043
905
414
464
517
1562
464
0
87
1459
17
509
15
232
167
270
190
958
1283
233
112
254
539
193
2412
1683
245
82
561
74
338
845
116
7581
2496
555
214
1015
117
362
734
110
337
95
162
246
11
284
364
131
387
700
550
428
305
18
1411
882
417
461
148
125
2740
501
908
1240
231
3239
2970
4635
1365
289
864
541
2348
3562
2675
717
3041
1100
192
445
921
111
1582
457
623
126
247
39
260
210
810
227
68
25
303
351
190
163
379
22
699
771
156
80
260
403
48
568
70
99
348
46
7
735
625
127
334
36
745
285
203
271
391
542
1041
670
1218
708
1836
822
99
83
459
473
1208
222
148
110
126
93
454
27
159
118
642
86
112
108
385
85
419
593
566
1717
182
1521
669
718
1470
1965
695
1200
5685
978
1181
36
8554
4582
5614
21640
940
368
132
835
263
218
42
265
4106
5613
2489
8277
16620
15401
53931
1549
1699
1766
7752
10243
362
1549
9873
24798
3727
13202
2265
4607
1131
240
3040
528
417309
1477
6691
5083
75611
19183
