48
131
20
157
159
28
811
115
102
393
22
86
568
466
75
38
125
16
9
29
37
235
138
15
164
105
108
69
216
162
448
71
30
9
242
168
497
50
33
196
39
2
488
214
0
446
11
65
218
75
87
160
1
15
57
24
16
19
6
7
113
21
50
157
28
83
663
426
59
5
377
107
156
116
48
65
166
1364
14
248
727
449
69
288
212
97
370
44
136
8
30
83
31
55
109
226
190
76
495
28
512
188
792
2102
625
549
1609
306
646
1813
310
114
481
967
1463
1137
36
1773
1769
1592
713
2363
813
4775
1708
94
130
116
139
111
1328
900
149
351
503
52
56
437
2924
2422
1230
283
93
226
99
81
327
1121
622
229
3073
727
262
317
810
553
4117
1670
412
1600
5765
732
460
6869
620
2409
492
567
8069
1079
928
122
1318
374
223
19693
11558
1238
614
1110
32
784
680
221
437
5085
2985
329
697
1495
66
461
2254
3462
14545
1733
5850
3712
3988
166
7511
345
74
3985
3960
760
855
375
410
4696
611
95
6773
2469
867
336
1695
75
119
223
247
349
170
382
1208
38
1045
280
163
128
779
133
66
322
214
142
715
95
195
189
710
7509
53
409
8039
3658
284
1078
114
128
464
71
92
9755
15315
9495
1530
13874
1677
187
543
146
138
1677
2736
199
88
71
257
482
201
261
89
435
90
74
74
2808
1175
3608
9060
214
161
145
990
5966
1039
5049
44906
1001
3563
875
1074
1000
595
907
2778
2633
26
652
1439
50
16
420
1238
76
122
366
1216
371
155
574
162
8
1670
38
84
2331
1540
724
1291
1069
8296
45
2418
298
3953
1341
612
6873
1511
1753
20134
9173
4835
2622
861
45
445
114
606
72
60
9
268
978
1563
1303
4046
1159
11776
613
2047
1057
5828
2090
4968
117
14
285
213
36
125
12
120
84
54
42
70
105
162
149
98
53
2353
166
10437
27556
9299
591
1330
277
426
114
131
7123
151
21
749
1534
505
84
116
89
2157
135
13028
4993
2050
6318
24587
3232
1738
180
619
547
235
630
2090
72
904
606
892
316
1135
671
2395
1121
9966
1310
288
422
3144
416
878
7115
863
1187
358
1379
516
6302
2791
236
1472
962
961
130
1564
125
1074
157
138
694
10776
2047
78
103
172
312
134
55
135
64
36
37
49
52
31
25
120
144
188
280
1
268
68
83
153
79
67
240
115
372
370
301
15
8397
10418
2101
416
1603
379
996
1569
790
217
164
1060
194
705
191
1163
511
542
940
14640
775
1461
948
84
329
2458
18
279
296
1273
22591
1445
8967
13616
5125
575
188
2900
6682
2427
831
11324
2373
83447
18107
3890
9808
1175
56
65802
6962
1428
2445
116
4182
688
40150
134
266
227
914
64
2869
1492
2026
6950
23608
59163
18639
13287
12106
56469
105
156
25333
580
277
86307
44140
1341
920
9053
24380
90358
44214
5179
102
8501
25813
82514
3210
39898
9647
14329
13580
315
7584
6826
26312
40333
10994
3621
4913
15340
6427
5381
9916
2605
46379
7868
2806
5599
17517
37786
96478
6707
25147
18162
6012
3757
496
3556
310
12684
13306
162
5543
4157
1821
41629
40223
33576
2060
5844
1284
19549
18742
35151
1007
10524
679
6263
5955
