51
13
4
29
7
19
20
29
63
26
7
38
102
98
106
8
25
6
89
19
7
17
37
32
45
25
0
70
4
37
25
4
5
10
18
32
22
48
23
3
12
2
14
53
43
51
131
8
15
19
2
1
18
0
42
89
21
23
40
48
5
5
136
70
57
7
7
20
32
23
208
13
28
42
43
9
19
28
17
26
98
14
29
4
12
5
23
22
16
13
74
59
68
24
23
28
62
221
5
221
107
175
152
32
25
6
19
138
54
31
30
8
67
5
129
72
104
154
5
13
17
32
17
3
84
151
11
217
22
84
238
63
388
62
34
37
9
70
0
12
143
164
15
160
30
39
27
40
2
61
134
102
70
37
128
2
208
43
46
51
144
19
212
173
107
63
196
10
27
60
658
73
260
59
54
119
209
85
224
31
104
214
28
16
95
5
240
85
50
868
66
83
247
309
178
266
319
28
614
345
100
214
326
145
499
334
180
80
168
352
222
837
363
1340
188
79
277
369
497
227
300
20
481
18
755
222
288
496
228
79
359
222
137
50
542
275
4
323
508
77
408
173
216
143
525
49
105
6
117
701
133
175
187
18
1
127
316
510
33
227
219
22
112
80
72
29
2
98
399
51
196
142
418
264
193
213
126
517
161
82
99
605
41
150
80
57
73
91
4
24
53
82
53
184
46
10
3
35
43
149
426
1
59
41
121
148
3
52
42
62
47
122
10
95
89
12
148
40
250
151
121
583
2
30
114
166
118
5
195
3
142
95
143
31
36
239
124
315
119
21
176
18
15
8
171
67
92
350
332
91
186
22
75
140
8
92
25
96
22
3
132
1
64
29
2
42
130
563
466
50
141
330
81
86
245
60
174
16
214
37
351
114
14
152
16
70
157
14
28
24
4
161
275
2
100
111
310
411
80
274
188
372
214
106
219
100
1
40
15
95
297
296
110
15
42
12
158
6
393
7
6
569
107
43
37
33
4
588
31
300
53
54
133
156
92
2
58
269
12
37
90
215
4
50
105
52
40
262
229
114
187
200
1263
96
214
305
70
61
17
84
419
119
328
509
117
13
5
172
27
481
273
263
136
309
6
2
253
70
30
51
304
18
161
216
155
81
144
59
125
290
417
100
373
214
98
259
107
106
193
715
152
719
132
241
23
99
127
503
5
227
794
632
379
14
283
166
812
225
1051
141
79
346
368
36
8
252
260
91
676
438
87
92
1617
237
1583
596
513
565
38
174
585
263
779
612
478
113
219
25
316
554
1138
321
265
291
609
257
652
932
518
118
1439
2354
474
856
752
355
196
1589
4280
413
1020
185
5165
312
1588
67
42
294
1193
2499
333
68
622
158
1093
1177
1589
117
702
535
5995
138
1906
491
230
128
426
2814
226
723
133
1307
540
570
358
213
290
74
558
552
43
2269
618
104
634
346
283
54
83
832
153
279
120
81
628
191
135
363
173
187
31
234
204
383
105
227
741
392
160
77
243
203
656
58
69
91
351
223
520
882
94
293
74
147
118
267
604
86
204
81
461
347
367
92
184
525
886
39
13
191
1086
696
431
706
372
1297
1139
1920
12
1400
180
1071
1019
59
1214
1088
903
205
942
837
1413
1124
1278
596
3414
5
7597
6233
2377
3217
5779
9349
1888
457
2126
4265
447
232
5772
3202
14167
2780
825
4706
3506
136
314
651
6694
42
245
25029
9095
6780
3462
8434
485
5326
3234
1811
2910
4758
973
2151
643
5487
2027
1668
15483
24011
7940
8592
1155
3706
25173
1595
30452
33
1322
2477
27525
38199
21759
928
1865
937
1904
1809
7270
4647
19046
3716
3976
14737
11526
46369
163439
2241
65263
597
172434
45115
35108
35291
55314
22264
154664
179307
1054
93863
9290
682
1396
38128
219684
235217
61571
107881
208951
