103
267
69
126
57
1
44
29
237
167
53
70
189
42
17
87
255
115
15
69
92
52
27
613
257
28
561
30
19
86
445
278
131
372
137
300
78
77
12
115
241
284
76
43
101
65
22
8
118
305
82
87
90
140
28
11
113
88
5
22
18
164
424
83
22
241
303
72
286
51
226
3
115
29
74
320
210
92
41
220
252
204
66
65
338
247
183
353
113
42
267
117
145
30
48
13
45
65
116
15
327
173
221
170
12
9
120
87
3
29
23
96
396
367
15
798
76
252
76
217
156
99
140
341
51
10
942
69
577
43
118
157
1004
374
145
458
954
93
1453
196
196
372
1331
14
78
509
77
46
220
63
353
269
132
210
31
103
94
167
101
326
51
14
79
38
115
41
32
15
172
74
74
198
321
4
48
44
406
306
358
7
5
89
276
210
290
94
135
3
342
39
157
256
43
155
30
6
1077
165
3
362
213
59
125
141
7
56
38
234
16
132
43
405
245
163
30
170
36
53
16
226
2
16
24
190
93
103
147
109
178
95
52
19
23
293
45
39
20
51
61
59
26
43
77
8
38
91
98
60
302
30
48
49
68
159
34
47
41
2
18
25
44
110
62
50
18
54
30
289
203
1
711
78
7
33
224
252
5
71
140
150
9
31
196
200
134
17
95
56
212
128
39
7
32
202
14
317
138
105
22
44
61
6
18
181
166
276
30
53
15
127
30
172
22
136
87
57
17
36
188
303
177
335
72
427
149
54
177
86
80
64
58
38
74
168
206
38
26
169
83
201
498
4
12
22
11
13
65
148
78
21
8
183
165
121
175
52
35
63
937
47
188
129
547
88
117
548
310
68
76
272
117
182
404
182
217
92
108
169
102
387
61
73
890
233
266
48
0
45
272
72
392
13
243
293
112
243
482
50
7
260
294
12
2
19
135
23
18
217
223
199
291
43
14
392
205
78
49
296
328
349
337
593
107
57
201
309
400
23
441
4
287
417
128
834
456
32
211
264
88
38
487
7
26
142
456
510
123
318
110
199
357
297
315
68
613
274
3
43
250
14
243
358
444
311
252
608
331
61
475
161
109
75
211
84
109
213
47
233
20
113
68
114
87
8
77
385
21
382
668
22
29
34
64
293
96
31
29
195
113
225
403
257
47
1534
78
66
201
51
30
352
392
736
166
787
482
456
113
94
22
584
123
128
722
365
393
72
801
129
387
287
296
194
322
779
470
2519
1913
813
1166
865
2074
1425
160
1605
1705
5612
110
3
318
78
1000
872
1241
1178
74
914
19
1812
173
384
88
147
438
589
638
589
203
1569
176
58
439
244
60
660
1765
22
247
58
344
260
504
628
210
197
196
1577
177
761
727
487
579
205
145
17
412
49
5295
1392
747
543
448
674
134
632
70
222
1645
503
25
1230
958
1697
66
142
397
220
117
188
1087
614
1318
15
736
5223
4722
2472
1302
953
742
933
699
6874
2312
7097
1535
1938
5998
1479
1339
1061
1046
1749
7265
190
1203
13191
3377
41
446
896
120
3246
9409
510
105
310
630
13249
3617
25781
5740
26393
439
306
393
174
20785
55859
510
1852
1403
3633
19712
1011
12432
68949
263
31
55811
3044
825
1565
802
1735
523
5198
21613
166917
48571
328651
210460
878828
304
329481
91
1283
2111
