276
98
33
75
201
70
198
39
33
1
71
2
244
32
175
27
35
23
16
235
207
73
101
38
55
295
213
204
67
41
15
1
49
20
30
187
65
42
56
71
150
31
65
51
16
79
24
294
126
189
476
3
226
20
294
6
9
5
84
6
56
35
55
84
9
46
44
256
29
8
2
285
125
87
179
12
24
116
190
37
245
41
37
395
89
22
209
66
217
131
44
15
24
74
9
9
17
134
29
6
39
31
52
78
43
19
61
2
28
46
27
92
1
17
44
69
23
237
0
18
62
41
164
20
13
27
22
44
76
8
11
58
44
73
7
20
64
53
395
83
30
11
94
85
2
143
75
12
33
137
48
288
19
89
171
186
28
27
94
111
190
73
34
57
108
88
177
39
15
166
370
550
53
103
12
29
28
134
141
83
5
16
440
90
15
59
36
232
508
517
54
12
404
85
70
510
5
25
113
1026
77
71
193
124
36
21
114
36
112
465
329
308
280
26
0
292
60
113
49
10
41
2
42
50
23
163
25
11
121
143
2
192
359
148
441
150
93
103
35
52
151
124
196
263
23
119
86
40
64
51
33
28
149
90
153
266
0
67
341
519
237
8
485
220
59
282
221
23
161
45
97
329
287
19
199
189
65
372
279
370
323
104
323
106
1088
708
374
263
299
246
573
26
73
47
153
211
164
666
868
207
259
147
664
238
67
625
635
89
672
142
1430
1478
32
152
293
446
1367
57
387
118
1194
61
39
840
297
178
516
320
134
290
2274
75
2010
126
975
1504
339
2872
1837
5311
1769
1546
776
540
2034
2145
75
102
64
9256
81
714
738
1823
2555
1540
1436
196
2630
728
38
44
348
2551
1034
264
1651
731
718
27
465
1863
11143
7829
835
13620
37
9544
475
19037
202
52
270
195
262
1179
4847
89
1233
2117
2405
2374
182
1120
263
2340
9931
1305
2323
2632
14029
23275
10390
10786
20787
78811
81857
13098
4941
1113
8352
48163
11143
43935
17339
2075
419
4821
142
1488
1420
278
425
44
2654
526
12
103
212
878
420
25
1963
1995
105
9911
1805
5536
1466
263
400
274
9271
537
2289
37631
468
8929
160
8794
2889
2053
1732
32
45
94
148
97
42
342
104
104
249
1693
23
28
3032
99
762
107
33043
9898
2272
10937
3334
27
20
819
419
68483
12519
367
5513
54
30
73656
1704
877
388
1128
19
224
1949
226
6636
958
332
52
47935
21118
521
682
1278
734
744
708
16733
34855
24126
57002
15642
22772
334
903
8125
18299
79694
51867
23360
4082
9407
2034
128
5
55
192
4056
83
969
110
168
6458
2002
80165
3484
26758
24910
23932
56664
7472
14894
9592
2182
44892
12352
10490
6600
4601
6538
10592
23
13382
1221
461
1845
5850
45
39
90
9339
7660
1336
1776
5505
3297
574
112
2336
2371
18138
43
121
53665
898
879
311
2036
1005
9
1881
1222
737
3473
331
106
96
15
69
981
59
188
1011
165
1716
117
460
29
162
864
1679
449
11558
177
23
60
34905
105
20163
7934
3344
340
538
117
391
12198
50
1112
243
1752
23349
7523
18030
658
461
12267
6230
216
12148
201
780
499
1771
2372
23875
54569
2499
257
3759
53
28
55
29
210
184
69761
1870
94
57
130
309
6109
29
32
1066
13826
2464
5394
18462
218
177
2688
193
216
78
74
659
813
9674
1410
15585
6144
82
4505
28601
20716
12480
