57
2
87
31
2
21
33
8
9
85
17
26
23
151
88
65
76
49
95
9
57
40
85
18
21
114
114
71
15
168
38
7
95
21
56
89
16
27
181
143
70
99
103
18
22
9
99
12
40
38
139
3
207
74
123
109
5
99
21
90
51
49
72
64
54
121
39
27
21
97
14
31
15
38
71
25
5
14
58
10
92
98
10
55
187
54
78
5
11
502
189
70
53
384
189
284
139
151
272
152
29
55
360
97
260
104
111
453
96
77
107
136
92
123
185
163
20
85
146
61
52
3
41
82
68
31
185
48
23
37
115
677
84
301
55
99
177
71
73
73
130
58
7
64
17
25
53
337
90
118
69
9
110
26
13
56
24
36
74
33
36
51
2
12
134
91
106
99
18
64
93
43
47
166
44
54
29
138
46
22
7
7
42
5
146
11
102
39
127
45
30
59
79
15
19
3
64
44
17
54
151
49
256
48
49
26
19
183
37
64
451
126
160
1010
658
615
64
28
556
1026
482
468
48
52
103
239
391
130
99
129
9
162
49
11
76
161
186
142
1034
669
55
868
309
278
774
106
241
485
216
127
518
87
61
395
78
261
442
132
37
318
92
163
2095
243
148
199
108
215
282
0
645
163
71
1460
278
9
66
1684
229
914
849
764
6
866
1340
735
261
514
96
1017
5709
8332
3332
2163
686
597
391
175
1219
95
1232
2
161
683
40
432
308
173
30
265
470
361
24
145
65
685
178
538
277
596
788
92
161
302
25
380
612
427
422
353
271
26
58
198
86
338
329
16
21
84
197
85
62
83
71
13
89
56
23
175
253
184
121
34
97
36
71
150
117
78
18
65
33
63
34
8
73
25
63
101
95
9
51
71
36
44
39
8
1
19
70
38
51
11
12
106
60
8
3
73
10
27
34
104
124
72
87
72
20
4
48
118
94
150
108
152
89
79
21
76
30
99
114
350
450
55
33
477
245
380
60
385
53
151
82
46
277
15
64
111
129
273
17
228
84
309
769
259
333
167
86
475
117
187
309
81
361
49
342
100
362
45
157
538
183
69
49
379
214
101
96
157
71
171
190
106
246
242
207
419
56
190
99
105
146
70
119
259
472
83
1056
1590
1214
858
658
76
1637
440
399
21
460
321
83
332
43
199
1256
3358
203
633
170
181
59
158
948
1558
321
382
53
285
807
65
372
47
19
56
250
50
298
792
18
75
59
38
115
1193
492
379
705
208
969
419
4347
457
2113
700
779
93
565
210
652
734
190
362
1117
1895
3090
2153
12444
766
1115
430
2245
1532
884
26
237
219
161
5743
2754
5
3146
1527
406
7897
1036
1304
2079
4252
719
1764
245
5
1132
361
4386
2078
2169
973
1716
413
5197
1075
1123
1875
352
13175
6740
2573
1561
567
104
2883
1554
292
1560
1447
7739
486
1569
3658
2200
236
1570
440
2577
337
749
493
412
288
1781
317
1018
997
3722
2192
5399
2826
451
179
12505
247770
39636
1774
381
51500
39861
735
7706
438
1891
878
129
6
1842
641
881
315
903
382
290
4904
721
370
343
102
310
68
109
1715
1372
1583
4784
6559
38875
4933
9
3248
2465
3431
1199
565
106
6904
950
943
67684
213
3001
