117
17
68
102
331
134
21
12
73
169
41
76
21
19
203
35
77
14
61
46
119
48
53
28
14
50
26
4
111
22
43
56
83
220
123
48
76
28
36
125
107
5
28
75
29
5
1169
216
418
113
51
2
165
120
217
411
114
269
204
37
207
25
149
15
144
164
224
312
973
964
311
119
6
106
32
208
112
391
783
739
275
867
412
540
1127
46
1620
156
388
383
134
1644
2
1867
744
511
275
122
101
4892
201
335
163
124
196
1187
28
303
675
23
1205
332
156
602
206
50
583
43
647
169
6
4
201
205
445
208
25
20
250
157
377
258
5
350
11
135
124
110
134
135
297
61
34
112
38
12
58
10
102
133
61
11
47
458
59
49
94
514
224
29
171
71
98
56
90
719
215
52
863
70
40
36
612
1036
134
79
279
53
87
631
123
17
183
213
43
108
579
84
120
140
198
36
170
269
386
105
70
113
544
12
660
53
223
211
27
179
89
599
116
64
66
685
814
666
175
195
659
768
266
603
41
687
143
80
169
279
302
1522
473
31
74
33
249
55
161
82
161
212
76
953
155
293
77
54
148
211
96
109
170
213
23
573
416
430
52
472
54
110
211
116
110
16
133
19
214
225
54
143
47
53
149
95
43
17
67
12
28
35
74
41
356
193
34
118
477
116
148
102
31
49
131
598
75
106
156
36
161
63
39
70
15
276
298
92
89
94
56
65
6
62
48
146
381
87
174
99
22
49
177
84
508
595
117
112
197
39
573
1695
2683
226
141
310
467
112
768
311
187
1336
774
24
2238
726
1557
4984
31
4194
666
807
4146
1016
7093
2898
363
120
476
41
13142
187
1861
1445
1034
1279
2647
830
14
2021
318
1670
3426
404
879
323
2248
459
374
2264
7221
1687
1791
3372
210
729
67
129
433
692
665
59
1370
1206
66
461
52
2106
10538
619
31
3508
5277
14147
1047
467
307
175
78
108
209
202
103
267
474
696
15
65
172
139
327
129
189
36
187
115
349
6
236
96
237
335
250
41
414
113
126
785
569
85
387
323
539
150
2
190
13
320
207
15
108
76
19
66
71
26
4
71
201
97
82
121
17
23
139
64
176
328
7
67
40
158
225
133
165
34
127
158
197
128
71
338
431
670
213
232
159
246
84
7
9
131
176
38
16
5
129
132
139
15
86
5
10
29
17
120
96
4
81
72
48
19
30
47
4
53
34
68
13
30
9
10
68
39
90
29
6
19
62
154
34
159
1
18
87
107
41
37
194
45
2
29
19
23
35
96
53
53
57
63
2
4
2
5
92
37
15
4
4
24
25
18
21
0
61
61
99
1
4
5
89
31
50
84
163
132
116
98
158
6
70
139
216
2
90
75
54
106
16
105
44
19
56
20
27
3
290
628
18
18
39
514
34
86
58
336
176
60
98
3
272
224
67
76
40
172
25
86
244
40
10
433
96
95
430
695
235
111
432
346
386
2503
552
626
646
900
277
46
771
918
284
234
28
1212
1356
167
294
295
2956
246
529
796
594
363
1843
5320
4563
907
2737
3919
579
4217
56
3306
1891
377
454
408
252
1001
47
4140
729
277
480
107
281
235
918
466
442
166
391
5
149
432
687
99
131
199
352
239
305
1024
166
152
88
107
765
50
148
110
209
114
23
130
57
44
15
164
61
33
204
100
26
105
49
12
197
6
38
17
26
55
30
110
37
33
120
54
13
93
63
6
188
35
180
14
129
28
31
729
35
26
169
95
16
27
320
9
63
8
75
258
178
1
228
200
15
124
251
129
81
237
1
275
219
2
66
41
69
13
78
310
118
57
165
68
163
56
212
75
10
42
58
24
213
148
260
293
287
8
592
257
81
379
80
281
219
624
1018
242
7
16
102
53
432
384
63
116
173
110
551
403
78
18
1
54
124
25
483
182
90
518
213
177
156
5
33
214
181
152
68
8
298
7
502
154
253
19
80
112
83
140
33
164
195
63
7
130
423
47
64
425
30
123
474
9
48
41
13
171
129
206
422
229
150
9
61
269
327
83
65
210
124
62
7
3
284
58
17
152
594
272
467
172
26
281
791
9
41
107
50
269
468
100
114
26
58
394
271
662
92
303
118
76
9
331
84
510
148
61
10
116
202
352
123
121
143
7
27
110
82
115
625
293
223
224
55
8
221
468
13
739
4
21
19
90
847
13
496
155
49
196
237
214
127
377
303
51
120
325
351
385
694
2927
139
549
1688
117
135
786
5
165
117
317
402
634
309
15
247
635
111
946
532
289
5150
1494
3153
922
1525
1126
3206
32
53
355
798
431
295
311
421
106
194
139
49
107
54
112
456
217
350
64
286
43
779
1
132
651
9
136
382
1389
365
611
274
145
213
14
236
155
151
33
44
442
449
60
829
98
222
159
12
110
114
50
53
86
11
87
1035
255
421
36
168
295
2092
701
341
463
154
53
395
177
222
25
170
486
227
13
624
1791
300
33
1275
753
1323
132
720
354
559
1614
516
301
146
2
614
85
459
1320
67
42
57
185
1
178
6
141
277
36
92
104
59
22
49
872
175
1215
306
775
206
86
36
114
57
988
494
99
851
155
768
788
364
526
1477
178
72
596
163
38
204
1457
1426
30
200
148
191
865
492
1534
302
30
752
669
525
223
2244
232
70
4825
101
254
141
629
761
12266
2538
512
124
138
1391
9894
6622
5762
12016
982
19925
673
14345
4110
1539
15154
2771
10516
1180
3110
139
211
42
601
25
1623
932
75
77
4525
2645
606
567
5369
220
47
70
1046
1027
3803
6417
1510
125
119
1537
1
141
1495
2534
2559
79
558
2693
26035
5547
3916
407
3537
162
1430
5816
481
162
451
161
64
413
7199
7211
1468
832
4481
3872
292
764
773
2483
2851
160
141
894
1141
75
4277
1435
5363
41354
210
9835
7792
56021
16520
753
261
452
79
33
282
571
8410
5478
421
3531
3298
647
143
534
2064
2339
26803
60
15477
293
3034
79429
284
298
141
2002
77
2949
60
8540
4451
392
16755
1094
1380320
