173
112
356
164
90
107
136
45
7
52
34
52
63
155
47
19
112
13
59
254
24
81
54
26
148
40
84
7
118
5
34
267
399
41
156
33
463
234
28
400
357
193
94
32
256
89
13
56
65
47
49
103
421
22
64
140
127
63
15
316
5
96
67
88
106
172
191
148
30
123
150
68
92
54
24
40
4
104
40
27
41
23
138
45
61
42
142
102
16
87
36
198
212
4
8
29
35
157
17
43
24
51
122
1
15
25
10
36
11
77
48
56
26
77
11
43
33
34
34
76
26
35
59
107
20
150
18
301
9
38
38
20
193
71
121
17
201
35
72
45
325
47
10
19
71
114
11
112
2
100
40
23
41
394
308
297
110
170
88
191
152
1247
217
135
232
37
81
7
30
286
48
21
24
27
14
191
83
36
126
33
138
32
22
6
61
34
0
34
101
19
78
355
151
125
53
58
278
36
84
212
409
279
0
312
37
89
185
90
106
166
57
19
63
32
88
147
184
57
135
385
952
37
636
150
52
11
23
65
27
40
19
1
100
121
152
268
20
282
143
168
67
113
418
151
157
39
123
53
74
118
27
351
175
90
37
383
61
173
25
37
43
89
272
307
273
114
95
32
13
224
98
12
115
72
12
20
86
454
121
16
215
79
63
89
21
95
58
144
3
188
195
116
88
20
87
37
2
8
164
42
16
111
7
92
46
46
62
119
167
2
22
74
25
35
44
10
32
77
123
114
52
386
27
15
28
21
39
167
67
179
258
345
48
182
175
41
423
52
65
104
71
117
72
149
88
36
99
54
74
8
18
1
100
51
51
3
40
14
27
30
0
67
9
53
12
3
16
35
56
26
15
100
52
123
54
36
28
222
130
93
308
299
214
29
322
13
92
165
10
205
24
100
65
42
52
315
204
13
83
100
167
7
119
273
97
136
134
1119
123
741
667
87
138
290
210
41
214
156
106
25
413
285
123
183
168
61
110
301
647
712
66
173
51
170
304
1359
430
1526
1603
545
821
327
38
221
360
57
643
125
95
204
316
36
172
1043
36
9
20
205
180
525
856
467
176
914
187
273
192
168
1080
329
391
38
32
68
19
157
189
622
1182
1125
505
1443
667
671
47
174
115
438
425
253
109
23
1001
168
158
145
1391
1357
158
2
182
225
519
49
306
514
248
90
342
244
113
2835
109
891
1057
51
268
1274
423
622
1665
387
1005
417
95
849
266
26
1531
1191
102
152
1245
105
1613
1423
74
429
158
4290
807
75
212
7
82
69
594
624
268
78
487
742
68
1020
669
85
1066
1001
637
1419
620
94
550
1173
3855
1364
3415
1078
467
37928
7252
2350
8091
282
303
2002
979
936
1050
15628
9815
1619
13195
13522
19015
1376
3516
1038
441
192
1214
3431
2340
367
268
210457
413
2318
2700
21938
