147
183
185
392
12
17
645
74
306
404
108
86
280
962
43
89
290
174
9
222
323
167
61
105
175
1109
309
1346
211
388
33
367
511
31
77
48
199
108
89
109
806
179
140
235
275
55
64
297
14
48
35
366
66
45
165
237
122
91
103
197
622
15
68
57
4
1
4
95
5
53
171
115
16
169
93
520
191
27
230
3
51
28
241
246
7
52
70
241
382
1
66
254
102
254
120
34
66
31
12
12
117
158
49
348
21
44
13
146
85
44
123
8
60
1
181
86
206
420
171
25
182
105
26
194
136
42
33
122
348
42
144
200
161
2
49
155
105
34
40
171
2
146
112
432
75
84
91
0
157
43
7
327
298
37
296
528
103
62
158
64
235
398
106
267
97
13
63
85
61
704
24
7
68
65
33
161
95
447
2
324
84
250
97
124
89
155
21
20
2
47
169
98
17
10
97
71
21
123
206
162
239
162
122
10
452
173
42
350
280
5
239
60
152
39
48
84
101
359
364
251
201
21
31
13
169
109
45
82
130
196
21
9
0
26
40
50
68
19
41
35
420
114
9
92
70
63
369
540
88
130
46
201
79
56
337
330
69
161
107
391
121
263
316
46
46
119
3
308
119
394
31
21
152
102
75
364
79
145
378
81
324
39
242
97
28
51
42
431
140
332
72
652
211
4
35
304
147
59
81
37
84
74
187
639
117
15
46
274
275
492
2
4
374
377
144
522
68
417
95
107
18
207
145
350
395
24
400
194
42
252
368
528
83
180
42
136
72
202
499
348
587
79
65
302
79
29
208
61
15
36
434
51
952
16
254
325
35
1438
835
983
361
33
60
167
586
552
805
151
443
148
77
172
525
237
116
1055
873
944
25
845
36
41
32
33
57
130
312
238
256
88
33
1297
171
1197
208
959
51
135
1818
62
892
125
427
92
1870
1599
626
2662
413
4045
1701
2928
48
555
485
586
1734
1349
29
294
1244
242
475
414
153
3030
133
114
616
1942
21
997
37
694
153
297
348
104
1539
1085
306
322
1476
327
16
249
234
569
287
1078
878
22
1646
42
1272
1636
68
448
610
223
1400
78
3557
59
314
19
795
68
305
32
109
380
24
1557
173
36
1986
254
1435
1210
98
531
8
2497
16
367
853
87
3704
472
3532
1752
521
972
1793
232
1076
1821
1673
2063
1119
843
4089
21833
2956
653
3491
1588
1080
283
94
524
2879
5142
221
75
235
1940
1275
1152
547
1165
2380
4937
2491
3641
4324
106
1521
5381
1062
3388
1175
523
11289
17094
1814
645
2324
11445
997
10725
1273
645
9616
2128
5292
9567
1811
19916
441
3010
12629
97
25230
8449
40956
22046
18991
22452
48344
374
7741
98474
14739
123115
165605
2888
536
5196
1540042
8811
