522
112
336
35
427
213
141
156
94
508
225
66
134
1073
113
152
77
233
114
218
165
305
215
528
189
402
135
283
174
133
60
155
52
46
97
1575
1259
379
227
197
134
392
527
252
132
925
121
99
484
199
206
208
305
497
103
106
70
175
155
35
204
22
14
454
215
323
46
78
45
343
387
339
309
38
290
100
782
278
2703
287
161
359
3590
104
185
504
1981
160
196
665
123
173
1138
929
2696
3346
687
2354
41
266
90
1420
292
473
1066
1076
242
123
1191
250
247
52
616
207
330
103
348
652
230
291
172
275
139
35
81
97
377
259
625
466
193
105
509
411
4
50
504
453
253
1096
814
719
29
92
992
6
126
925
13
438
958
268
1051
310
64
64
20
190
56
671
2059
70
394
411
25
76
81
362
1264
237
31
442
239
659
110
6
96
294
89
158
247
373
31
77
136
89
242
13
218
48
36
18
103
455
336
68
402
165
257
721
96
250
150
44
157
229
50
188
418
25
59
396
690
378
753
238
498
232
26
659
264
6
179
1021
243
241
297
551
191
244
157
145
44
818
55
433
229
367
78
128
65
265
335
102
358
2190
615
753
1314
580
809
494
4854
763
130
545
57
424
1485
29
1109
7088
357
1013
6153
4426
327
269
1826
1546
1703
142
1226
162
46
1546
167
968
54
1108
58
1236
18
629
151
275
119
242
16
97
23
106
83
214
124
237
86
221
30
34
79
32
16
431
4
845
509
527
188
1946
323
12
49
349
423
637
293
151
16
124
321
373
531
723
452
19
266
12
58
129
386
532
1
48
295
542
439
107
592
282
633
304
1285
409
201
105
260
90
858
182
218
129
39
395
80
112
253
177
19
53
192
111
295
132
3
90
93
94
140
43
194
7
500
197
455
75
643
665
214
268
627
47
43
3
187
28
85
84
215
266
293
438
226
571
212
56
458
18
217
38
98
22
173
91
46
10
46
146
17
169
324
207
104
8
30
105
816
91
883
456
489
89
114
105
76
104
99
66
38
275
522
374
548
885
431
75
22
647
217
457
1459
272
625
380
161
283
364
306
133
262
61
630
577
940
183
865
370
879
1280
1227
189
466
4436
956
8227
4964
3330
1420
4957
4946
1129
1665
289
276
112
83
99
515
49
495
4
103
147
11
74
35
117
19
213
203
49
610
32
320
29
310
222
14
154
129
230
348
133
185
102
2541
5979
208
1141
839
68072
19213
148
9864
1780
52738
30383
48778
6378
11462
6094
164783
