19
16
72
60
16
4
24
113
54
29
22
25
36
31
5
3
5
3
8
20
6
53
10
27
29
5
28
47
4
26
82
106
6
7
5
75
15
143
98
68
19
12
43
38
9
95
20
90
26
26
1
49
8
26
89
4
108
36
16
117
28
25
125
109
64
28
99
160
97
179
18
63
47
30
75
47
81
57
4
99
434
123
68
131
12
23
39
95
27
83
49
3
114
49
198
13
1
22
8
37
2
55
76
262
18
4
133
4
70
7
41
96
139
16
118
18
74
36
27
7
78
14
68
14
93
11
32
54
19
23
1
106
22
1
132
32
85
18
167
169
3
48
82
28
174
52
199
164
257
21
169
10
78
220
208
19
89
47
43
2
7
46
6
48
60
2
251
144
118
16
90
11
150
52
361
115
47
79
91
525
632
398
115
27
31
94
433
314
352
49
25
174
67
59
98
497
11
224
102
70
3
45
147
135
142
117
214
101
202
18
151
42
59
13
81
215
165
417
39
2142
254
6
41
710
102
239
30
44
326
36
405
216
50
262
62
38
83
126
333
38
72
97
44
122
36
110
91
156
225
6
79
1
58
79
24
14
173
81
25
171
215
16
113
38
241
12
106
18
168
22
65
58
198
78
333
649
0
165
19
385
875
542
502
2
542
2846
801
1867
2813
4166
49
4961
746
598
369
530
1679
3599
449
397
196
820
247
346
155
143
91
144
314
89
50
35
61
19
117
26
79
3
230
112
32
14
100
229
15
44
9
114
4
14
38
38
32
163
142
169
11
89
140
9
97
116
2001
200
119
54
85
555
556
1340
536
44
175
517
412
224
523
1312
334
643
415
25
36
638
389
78
181
233
594
256
494
295
47
342
5
69
102
1017
629
4399
1660
1154
631
347
2207
749
488
201
100
739
519
242
11
75
276
6138
2172
282
1632
116
195
944
29
78
1310
213
283
958
2011
294
869
725
865
452
580
119
322
3480
4879
20834
1000
1363
173
111
233
21
316
2198
760
1702
321
72
318
539
62
669
187
13
172
103
90
1568
159
90
154
8
40
531
859
47
6
17
370
142
97
67
196
104
159
361
49
122
157
22
78
39
107
264
781
24
40
307
103
1079
994
119
39
88
107
68
239
292
156
16
84
1878
348
118
312
195
805
1404
764
238
414
279
15
739
1122
1714
532
942
2607
713
812
387
1161
1599
1256
3236
332
4936
8494
16198
657
4903
3790
3984
1385
4532
903
2512
1881
905
2195
1700
483
889
3283
81
22
1414
12862
5044
7640
68064
13548
