53
31
59
8
3
205
238
21
215
5
110
80
143
201
173
114
216
68
35
53
168
88
48
36
24
21
45
96
44
30
6
36
26
106
8
83
44
20
5
93
72
89
202
68
93
105
118
213
203
231
273
732
283
435
105
0
109
36
63
41
33
58
376
135
676
43
220
590
61
1
80
16
18
47
17
188
170
15
66
40
68
191
106
51
114
25
25
71
9
2
50
1
14
33
19
39
189
122
61
8
8
68
35
94
103
135
67
10
208
14
132
130
21
181
63
304
61
440
4
5
37
809
401
58
136
255
77
150
182
41
46
155
170
32
374
216
244
94
137
16
218
94
192
37
32
33
224
119
118
117
46
102
71
40
72
8
8
1
103
90
57
42
72
1
75
47
86
9
7
94
121
123
0
44
46
11
72
99
178
197
75
86
25
104
89
62
116
20
29
70
123
2
70
43
13
1
24
18
28
24
39
47
36
21
41
25
28
12
36
1
9
37
34
5
5
28
15
26
44
42
8
43
36
57
129
27
188
3
23
71
156
31
69
75
38
5
87
4
94
34
53
26
24
97
7
19
39
93
70
17
181
82
4
242
61
15
89
208
221
208
219
136
12
70
88
8
240
75
78
70
12
95
145
130
684
88
35
41
22
29
377
39
27
69
101
82
80
49
63
82
49
160
58
168
375
55
139
18
23
151
133
131
82
311
660
195
188
100
111
74
7
8
17
41
45
167
202
147
59
1011
119
12
264
164
106
352
241
28
413
156
32
116
76
51
167
40
18
184
3
93
27
37
86
160
109
141
26
59
12
25
54
118
6
5
8
18
31
44
34
35
45
10
104
84
125
39
23
86
138
31
27
11
57
436
27
211
43
138
113
37
12
281
38
109
8
134
32
69
13
88
21
3
38
69
15
56
37
103
257
18
84
44
11
5
23
41
68
28
49
25
26
127
68
25
1
21
48
52
92
21
20
4
4
188
224
2
39
88
47
28
123
171
28
47
24
4
75
82
23
104
98
12
50
34
44
122
215
100
105
150
37
144
172
1167
603
91
1472
1578
312
333
575
333
866
353
185
870
240
370
1581
238
1985
73
516
710
1693
1585
2350
3034
3132
379
1186
508
344
1404
296
56
204
121
444
974
689
174
60
1009
513
139
11
55
5
229
20
247
170
902
224
169
217
151
9
228
218
16
181
125
140
121
147
97
499
51
190
299
38
106
34
54
260
26
59
58
56
41
30
142
86
44
16
23
26
33
17
64
130
39
153
128
16
34
61
116
27
58
18
42
81
193
274
20
46
95
20
14
190
153
172
202
2
3
222
45
291
155
336
102
67
257
36
47
4
204
55
95
135
18
115
2
11
57
2
22
23
406
14
135
144
110
94
60
19
51
177
13
145
142
129
96
417
11
195
85
63
48
87
45
510
321
49
180
174
236
130
1
81
44
41
120
30
2
231
60
4
33
18
25
273
135
36
475
69
32
307
59
353
47
80
193
0
276
2
252
226
155
124
42
14
74
575
67
31
11
65
3
80
35
53
168
62
28
498
7
103
109
143
29
271
166
3
30
232
59
477
95
230
26
98
274
39
58
145
120
134
52
35
33
256
12
149
40
89
88
56
242
8
28
109
879
76
389
180
10
502
145
165
105
84
102
3
410
1
57
146
1
201
5
327
50
192
83
126
90
468
268
28
74
68
39
4
58
11
42
27
90
100
2
37
212
30
7
12
3
184
169
11
110
12
80
173
3
49
185
318
228
540
12
34
315
53
79
283
208
295
322
42
330
61
144
189
444
127
203
59
2
36
82
235
79
660
1535
644
490
62
197
459
1436
478
1406
1090
124
148
122
305
34
296
57
216
143
189
9
62
24
353
489
452
106
1129
432
219
749
318
74
145
267
25
1631
91
584
348
159
379
120
343
864
204
37
140
182
73
53
15
178
0
803
990
1038
718
6857
263
1555
471
5135
552
166
309
192
193
1986
1620
637
8
284
191
235
276
2085
954
335
171
378
685
953
426
32
529
181
370
51
342
60
33
155
48
545
7
103
989
399
58
15
386
127
78
10
81
10
99
117
340
161
154
547
134
727
331
150
22
128
63
55
216
926
455
363
116
193
100
66
11
107
91
116
110
397
119
155
119
276
26
190
155
64
100
12
356
186
16
161
35
46
24
16
53
219
37
61
33
307
29
218
60
358
346
18
414
58
15
194
43
113
99
40
8
51
96
0
72
77
140
156
19
253
43
57
145
129
90
20
46
7
51
61
27
53
47
21
102
26
10
22
151
12
215
1
28
31
170
86
56
103
37
48
45
9
24
6
240
71
51
148
18
75
69
153
242
414
100
978
2141
988
1637
2652
6
446
1540
421
2955
4601
1029
929
4795
5154
27115
4471
1023
97
522
499
104
1095
237
474
93
566
362
469
4973
420
2033
891
113
1164
2390
767
1710
910
199
331
827
669
152
688
2061
2710
926
1854
1609
1870
10
383
57
419
848
543
891
378
104
401
2029
656
967
1842
2990
3413
3033
686
20415
1137
7106
7209
512
2668
994
204
791
9558
2205
596
2451
39
128
251
414
250
74
180
136
890
4171
756
105163
20975
235234
1872961
35226
