100
37
260
50
13
28
5
48
82
7
17
11
6
90
85
152
37
9
16
19
8
28
15
72
6
3
13
94
60
45
13
7
48
98
81
143
37
17
61
30
73
39
40
194
143
5
21
5
1
63
39
67
6
73
84
44
89
99
11
168
35
52
51
139
8
7
4
29
121
6
150
336
38
67
34
115
28
27
58
83
21
47
153
38
74
69
4
19
11
9
75
1
53
49
91
106
66
82
14
48
28
23
2
267
83
60
140
14
50
97
76
57
81
17
54
22
55
55
121
165
11
224
71
100
33
46
27
54
36
72
7
115
27
169
321
25
6
245
302
108
394
247
64
178
147
26
157
1029
32
706
6
177
64
211
4
68
88
210
166
136
23
100
400
472
0
276
54
219
81
223
178
16
915
424
5
309
152
312
80
167
76
391
155
305
285
127
29
195
340
233
195
217
10
4
266
1
277
341
327
243
290
89
480
104
36
136
76
457
27
89
214
117
94
129
90
12
48
172
34
190
7
126
17
224
22
97
6
805
88
590
24
173
142
435
218
1108
287
208
96
2574
447
99
64
877
2536
907
1512
348
225
2318
2892
2693
116
218
1828
739
688
2321
56
490
184
1412
20
174
245
580
331
832
517
912
1283
507
32
37
410
27
18
444
550
777
91
512
502
141
154
24
56
112
384
135
5
390
151
14
534
296
594
586
536
147
134
276
463
877
83
1058
426
1222
300
90
1694
270
331
730
1645
378
1366
362
53
1116
1221
121
875
109
1125
57
222
75
172
83
20
323
31
64
86
73
16
170
282
172
186
239
319
10
62
307
53
152
71
96
218
345
319
304
335
422
164
29
49
83
173
305
56
14
198
371
84
313
143
156
258
16
505
419
207
23
762
331
42
220
7
168
388
337
158
132
1196
335
80
65
20
147
372
8
468
308
449
540
786
548
3432
38
244
995
98
432
373
119
136
505
2819
375
861
149
783
2044
599
1961
50
5
2855
2767
4147
1280
10837
198
2133
1487
424
307
245
487
74
143
48
90
24
121
81
111
50
55
60
144
151
34
148
32
105
28
3
74
52
11
4
148
122
31
510
467
5
185
348
1
85
23
94
18
150
58
144
407
113
326
500
48
49
97
47
147
272
33
228
73
204
282
392
265
14
52
165
45
220
1264
16
31
514
358
403
158
235
196
141
104
12
130
38
193
165
104
709
7
499
81
14
195
36
147
102
136
62
106
144
17
88
76
40
33
317
592
53
577
122
196
543
162
112
227
70
16
85
47
320
355
736
491
594
597
233
1042
704
506
1099
130
347
122
300
1419
610
984
122
81
303
653
14
262
1
111
208
356
427
221
280
166
161
18
101
59
131
112
87
13
50
408
175
12
85
207
74
138
38
93
143
3
361
15
217
138
111
84
207
17
159
186
310
289
39
110
127
34
36
445
239
95
257
26
122
92
11
127
56
15
97
90
16
135
217
124
22
194
1842
211
406
333
3131
2357
434
235
60
1193
1016
2193
1756
76
1072
1253
2876
160
314
16919
2406
223
2886
3556
2590
1555
322
285
223
3479
965
214
273
72
6
99
172
416
97
1422
1051
2307
6680
1295
490
491
103
897
851
436
4044
2427
1053
1659
2993
1253
2060
181
219
201
51
94
269
214
1811
47
1499
872
2001
1599
25
380
168
770
279024
36758
2873
3536
285
921
357
752
5
351
70
739
605
252
335
2644
1736
1390
4907
