122
113
27
89
94
193
100
191
96
215
159
62
203
26
16
21
140
85
141
143
48
52
108
423
120
20
86
106
5
21
213
1
130
92
128
32
36
79
9
14
36
123
347
26
190
183
71
75
95
163
178
79
58
92
34
174
56
127
79
42
74
267
299
128
39
465
24
211
126
175
62
299
15
209
9
111
74
364
260
186
527
129
423
415
294
194
23
124
94
3
556
258
239
1
544
131
153
443
355
32
102
837
265
103
105
93
187
148
295
1115
533
606
309
145
4327
338
338
964
970
320
86
154
150
441
163
227
1491
282
190
1358
563
151
11
43
412
163
166
142
186
362
248
496
287
184
155
113
78
213
232
438
148
8
268
75
182
418
112
90
126
9
37
55
62
182
177
83
8
32
22
53
171
108
103
171
141
137
13
62
35
29
117
87
171
156
13
41
100
82
14
301
101
101
113
73
5
10
13
115
13
183
47
100
31
46
62
60
32
89
361
153
181
29
27
94
22
147
71
73
64
25
61
154
43
131
85
9
9
43
400
9
269
50
18
71
54
222
209
223
90
73
82
161
57
28
162
85
15
34
160
0
19
193
165
3
369
68
236
46
16
131
427
1155
162
211
16
318
146
278
88
41
92
79
70
129
24
25
57
12
21
164
49
37
16
20
67
97
191
28
8
314
61
105
375
80
142
14
17
725
125
238
338
184
2547
586
1167
85
297
151
68
47
273
79
207
544
389
1223
357
326
180
734
0
149
283
68
26
45
75
27
11
15
40
15
57
50
12
57
58
12
36
25
53
103
210
71
115
229
117
533
59
47
1169
149
975
197
1597
1408
338
397
895
579
94
58
4
1402
315
729
6366
297
96
403
130
2
591
625
58
624
1249
1620
348
326
204
289
880
883
151
2353
69
277
424
25
17
87
467
152
17
8
1143
571
411
134
179
271
62
581
480
275
46
1636
903
259
179
842
1407
664
390
732
6672
235
38
966
1318
2986
4358
363
786
252
1521
2965
571
1420
550
1096
717
77
543
828
2377
166
252
257
440
54
433
570
1155
369
178
1661
137
321
665
545
304
352
4044
1415
542
660
119
1541
141
50
3134
2537
465
1212
4106
205
378
428
1439
621
92
64
364
345
590
328
371
614
2026
2153
729
1703
42
1023
33
673
128
692
9198
2040
2219
4864
1337
970
835
585
690
1478
1012
845
1182
1480
650
74
383
742
1235
2032
1544
166
51
714
2079
632
128
361
101
71
85
2506
72
405
296
444
451
1
386
1240
71
213
2429
977
275
4827
1246
10830
14950
27777
11177
3972
45400
30105
33207
