6
25
97
1
125
35
17
18
0
4
33
32
59
39
22
74
15
46
36
12
13
101
78
2
11
81
212
35
40
38
3
102
5
59
8
11
5
38
73
5
25
2
45
15
40
10
43
1
78
89
2
28
19
2
2
142
35
6
79
18
5
11
9
39
17
23
28
102
46
24
33
62
5
11
169
16
54
8
63
16
134
11
14
35
10
42
71
78
60
55
42
60
29
60
33
22
11
42
4
106
28
135
16
4
191
316
19
65
177
163
42
52
29
5
15
5
67
13
19
36
10
150
68
47
10
35
240
53
108
30
6
119
40
69
12
165
7
6
103
49
63
56
49
15
25
69
24
41
30
54
44
44
10
60
109
27
1
39
9
109
6
23
29
21
121
186
60
38
162
10
25
9
42
135
9
158
64
34
202
323
417
46
82
195
39
34
209
16
35
36
72
63
181
38
2
51
570
65
200
17
18
31
312
39
852
19
479
565
48
260
213
44
134
47
183
73
66
7
15
371
51
178
181
84
156
21
3
48
72
76
195
3
193
195
324
62
12
328
704
74
113
170
632
85
57
84
739
114
128
938
124
103
158
232
231
132
641
419
79
1193
147
266
90
27
8
134
70
195
279
144
10
297
252
758
160
90
260
859
747
447
357
152
180
4328
886
515
430
1641
340
184
360
124
337
1726
3123
259
2085
727
702
1267
1542
663
175
857
869
1194
560
1200
373
2301
581
614
171
1596
2119
50
463
61
565
1198
139
144
330
60
390
1077
829
418
488
305
764
3
148
137
106
7
5
24
165
41
26
262
117
226
88
94
129
39
78
174
58
22
75
49
63
130
114
33
181
6
67
43
99
46
82
5
23
51
38
66
14
1
23
111
37
24
119
9
154
65
28
41
31
75
17
20
4
8
76
1
82
1
2
28
28
20
16
115
33
92
33
18
9
86
76
77
41
119
68
17
44
26
2
21
163
17
22
39
11
139
41
1
8
70
7
57
6
25
3
98
83
19
186
37
80
254
65
403
38
27
336
63
53
171
88
35
130
108
140
104
18
73
43
81
5
122
107
118
14
299
331
123
35
161
495
6
477
8
133
11
96
34
162
44
63
12
61
56
94
39
51
157
108
56
6
50
1
26
357
111
43
6
51
909
46
460
222
34
428
268
29
1405
106
622
365
7
146
87
45
241
106
117
23
234
150
104
150
46
260
36
21
193
417
438
314
323
142
70
291
68
118
372
495
4023
64
442
266
647
915
795
435
32
138
234
84
182
863
253
237
206
370
35
92
8
77
16
79
71
160
7
75
134
85
130
117
330
732
73
2
160
8
21
33
101
27
33
24
23
1
50
29
12
16
142
90
123
80
30
12
241
12
21
243
27
3
103
2
40
42
96
75
9
4
151
11
4
123
73
49
66
51
172
389
87
24
36
24
42
4
54
27
15
108
108
63
83
189
14
5
260
23
76
314
317
8
114
4
68
39
40
77
66
72
83
2
43
52
30
36
61
90
122
11
72
18
13
159
17
79
43
102
70
19
64
161
9
173
1
24
356
52
171
184
206
155
2
47
181
118
374
172
93
63
101
242
158
322
301
36
228
302
36
64
16
63
100
75
108
36
49
8
90
289
34
8336
14563
614
361
1413
2156
6250
2045
8028
106
105
15
935
248
444
40
289
21
667
257
2430
124
342
2098
266
469
231
26
317
850
328
47
1649
474
552
1150
222
254
77
197
403
371
35
348
7807
623
9228
585
571
178
82
208
91
582
645
102
157
101
90
1147
411
166
27
68
200
353
2324
1031
3939
924
2234
14715
5710
908
573
1830
324
482
391
1425
58
1301
277
213
285
164
135
106
148
125
44
480
631
73
138
386
58
31
1802
166
165
115
14
940
209
1546
403
781
538
906
40
298
1620
453
487
1331
330
105
2814
1720
733
466
1662
8259
1677
927
432
34
2819
3011
622
65
1406
526
102
189
127
379
2939
176
2476
28875
7366
7609
695
506
2781
1825
213
98
16397
9621
222
1901
69413
16420
731
1948
