73
230
100
93
70
3
77
29
228
76
17
29
81
11
26
60
347
5
234
52
42
36
128
108
72
214
60
164
102
375
55
39
99
10
18
191
84
31
10
102
89
102
6
441
161
27
115
333
78
166
35
77
144
79
117
1
69
211
166
32
133
34
316
190
328
0
204
220
119
42
707
581
384
416
310
220
328
8
754
67
341
156
322
240
133
141
439
104
94
273
181
640
397
201
750
149
1
88
275
242
263
431
55
239
39
52
912
312
308
712
442
1723
3593
2757
566
746
261
1892
622
3564
1012
460
1119
433
392
90
105
113
818
1037
115
2156
96
4
98
580
72
957
363
240
55
511
1855
269
236
81
502
22
256
72
36
68
182
221
25
253
90
197
126
119
54
130
62
129
67
38
529
272
37
65
29
203
546
188
341
44
321
83
286
173
4
101
203
121
87
273
253
499
518
418
317
81
208
136
14
262
18
184
469
118
16
153
65
24
12
51
13
165
90
201
318
92
195
17
67
46
371
206
1489
151
46
21
30
48
177
108
74
324
254
38
309
113
235
100
282
256
50
346
2
325
1488
168
77
232
211
114
30
405
3
108
559
74
323
325
107
179
558
240
97
139
103
116
574
528
85
20
3
11
114
314
268
121
68
146
403
495
226
78
141
34
51
123
105
38
15
32
9
383
449
59
165
66
169
220
107
94
99
383
124
24
99
14
14
29
123
31
43
66
103
80
5
28
61
26
72
51
31
24
35
33
123
15
269
54
61
28
26
169
17
195
125
251
240
120
239
39
27
22
87
35
102
86
60
14
185
119
17
356
71
40
257
1086
10
346
31
1482
523
56
462
208
335
703
312
56
36
35
289
175
534
372
284
669
165
304
102
41
98
52
774
60
86
1754
1438
129
1356
128
2455
1417
429
85
563
443
998
4518
7587
11526
1556
5058
643
3867
139
308
330
4
247
5
532
281
394
365
127
119
29
139
24
252
106
44
441
253
108
151
45
629
712
32
97
28
720
4116
1489
1229
284
192
511
251
529
30
558
1232
280
652
48
78
1094
645
436
531
361
541
1437
297
137
73
534
2075
2165
1088
899
301
9487
836
505
712
625
206
2398
5245
15448
7394
287
1697
116
54
1616
4222
1852
2752
794
51
66
116
1530
409
9065
5790
274
684
40
1517
5010
5251
2031
743
571
117
1199
85
2408
732
2928
208
85
503
250
1532
3279
619
207
478
30763
5863
503
2881
701
444
143
1078
1031
200
459
732
325
257
32
237
45
43
874
202
495
170
461
6
159
2
618
69
81
51
94
640
62
1132
622
1170
82
162
1543
317
21
62
29
119
102
349
26
212
40
121
127
744
322
996
98
163
933
58
65
43
875
124
74
138
276
117
6009
902
666
24
296
308
184
94
26
16
487
364
2741
1181
672
55
414
149
1906
2142
306
880
205
96
421
224
118
137
250
1735
844
203
1470
140
1766
328
145
118
313
108
457
39866
