31
36
19
10
55
76
19
89
52
7
121
17
34
28
43
84
44
51
15
13
27
10
268
119
47
102
50
122
40
19
8
87
23
63
73
10
274
200
16
96
19
38
4
40
25
1
9
694
179
264
101
35
92
121
0
181
164
293
18
178
99
75
123
54
345
7
220
127
388
259
95
24
113
758
109
51
5
17
58
30
302
52
33
435
53
27
176
350
777
25
241
222
355
97
96
200
54
68
48
192
117
8
74
75
91
344
65
101
66
26
322
36
264
112
567
290
135
59
9
96
115
369
1282
396
29
57
290
29
74
354
122
49
37
14
11
43
29
96
85
11
68
274
250
124
327
34
19
118
62
705
287
67
741
636
582
213
394
367
160
943
150
12
791
231
51
263
196
215
199
87
132
498
8
27
5
1006
743
55
463
682
5
348
102
242
167
249
152
167
520
79
361
363
148
171
145
159
72
429
222
392
756
107
320
2531
213
586
326
38
26
73
146
91
82
394
1290
1715
162
17
824
836
2708
794
655
1167
2154
593
1028
689
4704
1622
271
205
175
454
1022
186
568
7020
1881
291
175
262
28
951
74
565
1159
2372
1869
886
182
622
548
118
87
104
2030
162
209
48
1842
653
633
281
1484
1286
356
1664
566
540
7738
3164
390
4336
334
48
150
469
36
82
1327
33
1198
764
182
4851
1956
195
109
24
1698
2255
4355
131
704
81
3804
570
109
3264
1012
710
743
799
505
841
170
16719
2105
531
140
7
70
95
151
114
901
81
16
402
30
262
953
350
178
107
140
336
161
137
188
347
282
96
700
0
1
233
41
717
1167
270
5
238
126
362
246
175
711
211
2363
140
6
62
461
182
16
113
3
151
38
57
105
119
45
28
319
391
92
542
778
527
2055
398
269
234
352
55
47
589
41
233
404
71
190
184
71
39
21
368
67
264
851
105
90
135
556
10
279
1221
314
102
79
31
67
18
128
252
219
242
601
89
93
181
11
74
83
122
60
18
169
41
36
23
53
19
154
14
106
118
54
13
1
144
86
27
47
120
0
77
63
8
218
55
36
59
228
8
69
42
145
52
19
145
24
80
153
72
53
67
64
92
145
30
170
182
44
112
10
83
52
67
50
48
67
8
234
4
79
28
19
18
16
19
87
11
9
56
34
114
76
82
163
365
31
10
77
103
4
118
117
241
133
43
44
24
102
22
6
103
359
270
69
214
3061
186
234
192
8
299
614
85
158
90
310
1089
273
489
478
86
450
91
613
812
159
350
432
385
879
588
252
55
180
179
209
2527
251
892
126
1337
1425
176
233
567
67
213
390
2024
59
83
6790
10443
890
370
5528
5896
2948
6
2375
7474
380
1788
61
231
686
1608
395
2753
518
639
19
3
209
373
67
329
10117
476
188
16
20343
18910
3999
1591
139
344
564
1289
3856
2088
303
8853
34174
1034
16501
26856
451
21731
7347
1414
2815
3077
1747
528475
