205
198
359
4
75
101
129
59
143
102
12
40
125
77
0
10
28
186
97
0
26
16
21
245
5
23
8
31
167
15
1
14
33
12
67
33
52
90
111
214
135
3
115
5
17
134
48
69
2
44
45
18
75
101
5
43
92
2
210
132
143
80
12
43
1
94
8
64
204
295
116
8
212
135
13
98
648
9
79
54
54
44
175
120
8
7
149
70
131
26
185
2
87
16
24
9
14
16
56
37
35
43
185
35
53
29
16
5
81
65
108
103
24
47
42
78
4
33
35
1
32
370
41
101
106
3
117
92
17
265
18
71
115
347
158
221
134
106
47
219
287
45
425
107
46
258
118
121
74
54
316
150
24
29
85
60
36
163
7
66
38
135
35
64
39
9
171
46
9
109
130
96
126
37
15
189
760
31
292
19
76
448
197
18
105
138
57
31
139
657
525
120
238
264
78
129
103
61
14
28
66
185
37
9
11
21
76
168
35
39
44
71
69
2
9
79
15
27
70
35
1
47
138
157
55
55
89
23
13
58
22
3
26
152
92
17
94
199
146
247
72
32
25
147
787
20
146
158
79
17
61
58
43
97
51
61
206
16
100
93
26
105
208
190
210
13
14
15
106
38
33
130
58
75
35
6
40
56
38
1
1
26
153
63
8
33
54
18
15
0
101
83
217
68
3
91
224
113
120
238
56
16
121
31
103
167
23
106
131
434
113
9
45
509
136
1
108
88
97
18
126
109
145
166
44
22
396
50
200
174
161
0
66
148
10
62
5
3
12
47
7
14
13
78
36
2
35
70
1
44
19
70
12
53
98
57
16
2
23
20
14
13
5
217
75
48
23
50
7
52
5
37
60
64
75
24
8
73
5
17
19
42
160
3
62
24
50
19
70
53
124
2
34
3
157
30
63
15
26
126
56
12
95
1
43
12
46
31
6
104
41
16
8
72
31
104
14
9
203
20
73
27
148
90
126
95
91
7
153
6
87
326
37
30
25
87
11
11
49
77
167
47
55
274
57
238
25
332
303
382
41
90
9
54
250
37
152
74
55
155
59
1078
360
674
855
671
555
244
404
96
387
180
247
109
555
837
777
61
200
19
78
105
523
75
185
4
18
112
60
7
42
18
40
4
42
147
107
48
43
47
13
29
64
15
5
40
41
104
13
78
28
11
56
79
57
42
38
57
2
2
63
104
10
48
146
43
9
54
464
167
1258
368
213
362
36
330
714
515
220
388
3
368
203
505
754
454
24
357
310
93
135
51
14
111
90
155
394
790
304
1311
54
395
2635
594
3117
51
1432
11
133
634
353
583
411
357
61
316
33
455
40
810
11
133
374
80
727
292
45
851
1008
542
562
963
156
102
245
156
85
37
36
24
31
185
43
173
50
102
135
54
12
34
209
172
102
20
22
16
59
65
324
21
69
333
38
96
333
495
31
153
78
178
188
722
138
194
136
218
286
44
386
259
271
289
229
74
11
1
63
27
199
4
42
31
26
52
39
78
222
174
993
112
24
86
385
196
186
174
56
65
288
221
816
238
102
288
93
198
32
231
32
23
16
151
3
396
230
154
219
61
2
19
787
519
72
55
189
51
264
141
57
31
324
1056
58
16
921
171
913
297
179
510
138
329
49
447
23
125
184
285
99
87
79
672
1568
61
45
92
20
1360
652
2509
1595
286
470
1056
3299
307
111
937
930
621
1646
87
403
229
1684
2037
1116
5
957
120
1182
431
6232
1627
82
341
404
4419
379
2453
289
463
245
897
528
528
525
173
463
149
71
48
93
184
42
60
72
33
138
145
271
162
70
39
303
33
109
47
133
113
6
1166
263
1868
440
1092
440
507
419
915
645
293
138
16
49
149
220
23
1104
118
208
3184
575
236
26
262
119
172
20
108
535
13
22
55
367
60
23
502
447
79
408
968
897
196
297
69
83
64
26
107
108
6
71
57
343
342
94
21
1520
254
388
77
122
85
71
1036
318
91
350
794
368
64
401
138
259
154
44
109
993
57
51
60
1783
371
414
1261
711
44
107
87
34
206
5
305
231
101
361
116
127
112
1654
806
1424
149
1553
32
84
68
101
241
704
671
358
83
520
4106
66
124
88
1533
876
3886
690
260
1014
12
530
122
722
157
6030
3853
9889
829
5813
1014
588
8253
4756
1428
8411
100
5915
2850
2671
143
351
767
142
568
1077
2445
13
471
467
1219
1348
76
563
557
4531
209
142
776
1868
96
3038
9033
24609
9054
2423
11095
9820
85
117
71
3192
418
478
2047
2383
2312
10264
10401
69
55
247
253
8272
13362
