79
44
4
3
24
3
3
8
1
10
0
10
10
9
21
3
11
5
8
6
16
26
2
10
36
12
56
20
13
74
41
21
6
100
18
19
2
82
5
58
176
13
5
15
6
15
18
41
30
27
53
44
26
10
31
39
62
4
44
5
148
110
36
67
17
56
156
66
40
2
88
71
64
12
11
34
36
171
26
29
63
96
102
210
134
131
18
151
15
167
7
141
19
117
117
219
23
201
87
24
82
22
215
37
8
5
19
36
300
33
52
26
303
132
1
205
2
9
8
68
90
11
6
25
20
113
52
82
197
103
22
30
53
127
81
583
64
317
192
292
129
34
138
359
32
108
175
295
355
95
9
25
319
52
33
366
121
7
786
96
971
903
1104
291
154
40
85
155
1010
171
1533
923
218
109
531
95
1061
687
467
742
370
177
239
80
113
251
603
841
103
955
390
218
102
669
108
29
127
79
10
249
20
228
45
260
127
360
222
4
259
631
34
645
189
882
207
3
177
65
216
8
335
286
488
770
29
2
23
171
420
7
75
36
22
192
111
27
180
19
71
77
163
6
223
49
227
45
153
82
150
12
40
54
17
25
30
30
3
5
59
676
179
11
67
75
21
33
35
1
110
203
88
10
22
88
32
54
40
97
130
58
16
223
51
4
94
7
112
79
16
63
106
118
10
3
21
79
207
19
73
43
16
131
117
64
168
424
49
180
24
234
282
107
13
13
104
47
130
91
69
44
190
7
6
309
123
53
271
65
32
132
22
8
42
70
37
20
506
21
114
131
40
227
1
232
65
0
295
294
18
177
43
22
143
49
155
17
28
36
62
17
83
33
21
63
57
2
193
30
39
45
131
56
340
77
41
54
39
83
15
219
20
71
9
60
93
47
88
153
31
23
0
26
308
100
6
72
107
152
41
441
173
111
27
18
73
599
704
150
5
0
175
1
288
35
125
176
280
131
122
74
542
19
15
154
1346
291
149
82
46
93
14
160
16
76
117
164
18
21
91
0
152
70
16
17
14
46
493
90
171
57
41
142
494
200
68
30
198
46
29
480
401
169
531
3
86
105
136
131
113
97
318
193
2
242
100
856
544
90
669
39
10
129
190
32
56
495
52
1040
892
3070
1871
1267
350
800
13
433
318
310
1824
848
722
285
221
2149
2356
18
2037
816
174
207
750
58
407
253
2868
56
351
456
3999
6699
5020
1787
1964
3804
5728
1659
678
299
6906
22274
777
4638
2531
4558
1480
2475
2283
608
133
12634
199
35381
19755
252968
273314
14887
1697354
1991
3532
29445
17818
10703
2323
138
5076
4708
72121
10447
20199
6907
1141
882
