215
256
266
19
238
818
82
122
514
141
248
3
34
232
110
143
56
12
76
190
14
14
58
19
115
280
300
291
34
104
5
84
16
86
337
80
87
263
106
6
153
3
13
84
0
9
7
94
51
155
141
18
141
28
114
18
57
43
35
45
10
29
55
149
42
62
23
32
65
58
79
42
186
93
166
44
24
473
49
10
16
55
117
109
100
66
191
119
63
11
128
4
77
237
34
83
292
35
144
90
82
58
41
141
15
57
40
23
89
181
346
52
93
26
116
129
361
49
66
74
18
2
26
46
53
139
4
128
18
85
64
118
19
35
37
195
38
34
112
18
128
562
149
150
91
210
60
37
33
27
78
50
36
47
81
76
49
57
15
225
99
75
188
14
84
15
27
264
6
79
8
38
37
75
164
89
170
113
8
31
89
226
59
54
29
104
173
58
24
30
5
56
99
47
19
3
174
32
52
46
50
51
32
17
29
4
30
24
32
22
38
6
106
4
10
124
1
58
31
50
71
76
10
14
22
10
78
19
26
6
46
315
24
128
35
77
41
14
3
27
7
12
44
30
2
96
180
100
15
16
76
284
34
21
129
35
26
4
33
57
129
45
40
29
72
37
317
7
121
37
250
33
6
163
295
20
86
111
15
30
200
45
38
47
86
220
82
240
0
62
1
152
12
4
36
11
173
20
19
10
63
91
48
22
56
88
1
54
110
183
237
62
30
68
28
45
0
252
41
6
11
45
81
5
19
23
115
40
85
41
16
47
86
76
62
133
73
84
20
156
193
24
60
26
77
3
82
67
18
137
217
21
147
31
64
10
207
137
33
179
255
99
76
93
153
95
109
75
24
17
162
52
148
183
4
18
187
93
35
200
79
73
44
158
120
284
155
63
25
100
26
12
192
101
105
67
82
102
43
1
26
173
331
97
38
228
96
51
25
213
22
164
95
196
290
646
121
162
290
194
824
70
92
689
50
113
927
173
105
32
838
48
335
125
51
378
18
33
486
299
36
237
305
134
148
504
25
98
33
114
181
119
23
19
105
21
52
42
22
136
59
231
203
154
133
1
330
180
109
526
86
207
263
14
109
93
264
22
248
94
107
111
36
31
205
217
3
97
71
16
47
408
97
397
222
327
77
472
170
228
148
87
4029
66
1066
79
130
833
1215
371
247
9
2505
240
1133
643
8
516
145
485
581
603
74
260
864
755
14
228
134
240
175
170
517
228
3011
1652
2067
1688
1971
2685
503
1658
2410
16
2409
592
549
1980
11
107
480
230
1944
622
10
788
221
109
1263
125
244
323
396
257
200
206
135
24
376
133
24
40
281
358
265
227
76
97
211
105
319
26
216
113
1095
431
364
492
2720
3559
7748
588
157
191
921
33
303
179
333
688
63
46
1
81
157
79
1548
570
157
442
157
556
144
43
360
277
304
996
39
109
442
51
150
83
295
52
6
117
623
827
207
701
146
81
19
168
270
224
25
188
116
260
35
255
191
379
1605
242
79
78
213
2818
363
104
327
3242
2024
555
2991
4792
110
2200
976
7261
1658
14347
392
1222
783
803
4699
681
114
2237
226
4047
327
165
811
54
231
93
159
1633
776
1926
31
2286
9599
1221
13329
15014
516
2747
955
17952
26275
1678
589
955
240
332
1966
1109
1138
1512
1347
103
160
922
2005
1665
952
246
210
1433
508
4487
3743
13769
6543
5964
2398
2564
516
1777
244
527
51572
6179
9153
6037
11974
1594
3241
6484
12566
227
3388
75
1271
860
1019
478
2909
3405
715
998
884
916
95
417
169
366
1202
5425
4735
4850
315
21587
1375
5555
86
9771
16743
1195
1281
662
370
198
2095
355
659
714
14675
1203509
317
70568
