10
6
9
23
13
234
19
36
9
147
181
180
26
40
598
699
163
162
61
114
72
107
436
72
24
55
11
35
111
14
46
53
131
124
101
123
7
70
21
27
120
37
17
69
0
93
2
64
59
191
19
55
62
167
57
232
361
21
72
106
85
45
109
587
204
250
365
322
10
33
26
346
87
68
106
101
172
177
41
150
37
49
23
236
147
161
102
106
63
72
37
47
122
37
38
80
161
83
8
418
43
40
29
108
12
37
4
13
66
90
140
20
6
66
262
24
151
19
172
293
304
364
22
76
188
115
71
423
6
107
435
130
18
425
1033
237
115
83
76
56
1122
311
224
69
68
139
157
266
86
344
33
526
254
387
422
411
337
121
324
124
143
15
105
65
132
43
6
184
109
11
56
128
614
270
216
247
12
47
135
346
53
277
151
153
579
144
48
169
621
161
448
619
149
44
231
304
174
337
311
185
73
51
38
28
19
125
65
313
710
39
555
260
3
72
332
155
18
192
120
49
205
206
267
145
291
74
146
79
193
468
55
571
505
361
188
34
226
428
470
453
267
6
304
673
58
321
342
21
487
24
73
358
188
1275
46
243
434
470
177
253
639
1406
37
589
284
304
71
424
31
142
76
1593
770
113
96
28
128
2399
2271
1518
4201
1287
7397
4903
825
561
174
1751
106
420
789
2433
1586
1637
196
148
57
152
1064
1498
1303
794
287
185
404
959
1669
1120
444
1361
1178
148
1010
410
659
586
131
763
289
107
23
1425
1
1073
309
2330
235
279
3082
14630
25013
6795
1021
8099
43
579
704
5813
1901
264
1400
99699
501
285
459
2474
997
109
3466
304
4928
6406
39163
295
11485
1535
138
183
8114
1068
45
129
219
5707
142
134
4403
15444
3523
17401
15014
570
339
1102
1741
5563
1429
915
557
705
249
440
1380
1585
626
37
706
182
277
264
3089
809
16958
177
3233
5218
5432
15189
465
3281
8055
220704
785
730
1613
491
478
644
279
31
14802
44232
1821
3834
44859
160334
33648
13986
904
198
798
285
1618
197
831
1751
93873
537
282
368
417
2752
8775
571
2236
150369
156
1932
228
165
155
304
65
293
1036
556
158
272
1578
68
631
3565
4305
1563
581
748
125
80
15048
278
10749
1379
11014
2732
15698
2784
470
3460
868
689
960
636
948
1175
2846
5769
1541
309
472
272
276
1413
210
821
4823
35902
25591
330
458
16824
153
4520
1355
1194
4120
87
11764
265
10952
10228
192
438
845
534
1737
321
2764
2645
611
320
1076
2302
593
500
2216
440
1285
1974
3579
5581
17909
41505
1742
6036
9780
332
1287
4058
596
1149
270
315
753
18
1736
2166
191
801
7019
168
23
82
256
1434
476
14
1136
708
173
5228
4000
4101
34510
1059
2519
585
20
92
1973
604
69
2500
1579
36
158
304
437
813
1021
352272
19941
56070
