332
186
175
1168
52
85
96
38
15
108
104
61
281
5
121
31
100
51
398
60
35
119
261
67
1092
533
252
548
293
257
19
100
186
111
445
2
66
17
6
246
272
178
136
35
26
164
9
177
130
252
37
34
173
646
551
172
190
4
53
54
34
112
180
583
60
502
84
469
207
71
196
366
155
123
23
334
42
68
761
743
77
1082
392
167
148
187
65
129
55
1072
242
9
128
482
15
676
810
339
126
121
1654
474
1809
231
90
218
515
186
885
66
937
3276
430
38
1910
437
155
295
494
1135
510
792
91
110
192
625
389
1018
1035
1062
330
384
354
164
1583
540
821
15
663
138
423
585
2369
1374
189
245
1219
2604
1075
1155
614
822
5879
1321
437
2434
3382
825
336
5
1522
1964
121
1017
804
581
140
1649
1579
116
2506
611
306
409
11
239
140
713
455
161
543
100
29
196
68
67
77
421
77
422
127
688
363
126
723
713
40
912
298
93
248
741
1365
324
1187
562
1289
232
311
393
473
403
44
144
21
101
295
189
271
333
585
1226
515
182
1041
118
26
81
204
34
90
292
63
225
148
329
44
234
472
233
64
47
451
433
1024
165
299
34
222
50
230
92
155
123
111
40
984
106
78
177
147
339
146
41
22
617
123
466
2
2
151
9
224
90
152
8
237
226
105
4
77
40
87
269
135
53
130
33
213
136
1
53
139
103
24
100
296
79
8
34
4
35
66
91
204
445
240
318
329
56
187
158
778
202
4
188
71
119
28
146
253
285
149
214
156
106
28
103
608
4
347
1044
0
259
1782
336
76
280
3972
1562
4373
2213
1589
1869
1825
1594
7612
5668
315
674
778
1603
40
9
563
174
464
136
1532
750
310
132
1897
558
99
495
189
845
8
41
4
95
95
11
67
1288
567
485
192
229
183
95
288
101
687
491
149
151
11
31
612
37
74
56
1174
473
283
54
131
59
426
224
377
324
30
51
92
66
126
153
110
155
118
133
106
669
353
972
210
337
3773
311
258
3734
1451
115
983
433
2297
446
44
136
882
69
32
526
16
696
1404
2105
46
33
3736
3303
2456
1244
1603
1295
28190
1822
3047
1366
19
7117
1172
1373
88
143
61
176
69
186
801
1893
374
922
1790
258
1336
705
473
133
5881
657
173
14968
234
709
3888
1447
36804
5069
562
434
4512
7220
596
1153
261
11764
1083
9213
6575
1270
4635
727
9082
36824
1581
3413
354
16388
67470
10058
23656
184
280
3996
35300
375
641
1099
1285
822
92
193
377
1075
1603
1980
186
3118
4254
296
22310
1027
896
17088
2753
23474
374
19708
1117
1299
5955
690
566
15
9450
447
51673
102123
100265
1706
1647
149759
307266
506784
