246
37
154
15
98
117
58
69
2
95
4
5
35
10
68
18
109
42
98
4
330
136
155
51
98
25
161
92
46
422
260
133
431
168
362
104
146
28
2
286
69
155
17
89
208
529
51
41
745
449
146
148
375
177
37
159
253
41
108
113
80
10
51
107
39
27
76
29
26
0
28
32
41
110
92
20
8
273
159
48
74
74
14
38
262
36
62
9
157
102
49
62
96
12
9
595
180
68
99
111
32
129
321
131
141
0
13
117
119
143
215
51
16
12
91
85
339
3
98
58
641
230
287
107
101
77
32
123
26
5
80
423
138
31
7
28
170
234
70
21
21
129
131
77
43
85
15
47
220
41
250
53
53
1
91
214
7
222
167
215
58
108
135
173
89
125
211
61
74
179
263
72
122
376
327
390
66
49
446
52
303
371
279
107
189
168
186
10
64
116
58
6
80
194
56
12
106
199
59
57
70
51
80
226
28
49
60
54
23
67
12
22
38
8
28
152
55
121
33
41
87
18
160
61
92
134
139
340
99
284
35
184
46
11
97
128
87
9
4
177
97
61
12
47
8
20
27
52
55
13
1
354
120
20
67
153
74
95
45
116
398
120
78
67
129
190
63
57
132
106
421
38
46
23
3
59
14
48
90
14
56
91
11
94
19
9
39
41
109
268
212
189
37
487
256
61
30
20
102
93
1137
237
24
358
224
512
601
130
8
549
138
161
103
63
116
679
574
689
48
411
987
1097
443
224
424
196
154
86
7
94
7
99
78
43
48
127
142
76
344
213
249
114
56
53
98
89
127
22
9
164
126
161
2
320
77
559
134
31
132
425
207
423
359
770
234
560
13
1028
1544
153
222
104
231
1472
6401
3527
3315
1372
819
317
1264
5663
1503
873
915
69
820
475
790
105
35
809
216
350
266
780
51
62
94
16
193
58
188
39
40
168
180
143
99
152
277
300
897
224
75
763
205
160
93
80
174
147
446
118
67
8
168
146
339
257
144
184
269
78
663
55
156
249
68
401
163
518
59
218
682
495
847
311
26
184
43
434
475
90
1186
144
54
115
7
563
822
202
27
106
147
300
379
215
290
231
642
330
1109
139
232
149
306
157
111
989
1303
101
2833
29
2265
3439
7373
1051
127
677
37
108
2145
3751
2116
395
1890
268
68
50
15410
1293
212
5119
6472
721
18
1087
555
432
176
241
494
527
179
827
408
620
592
21
138
320
328
111
298
62
21
681
399
140
5
975
169
345
82
180
162
102
357
64
91
165
184
578
320
32
56
600
413
754
96
463
263
303
249
108
49
138
315
81
63
59
103
82
141
327
13
378
2593
963
1358
444
1079
2149
650
190
50
183
70
906
826
1646
842
6951
69
1139
570
1639
774
1107
4400
546
871
541
1657
61
6507
1749
6342
14222
1328
4521
263
1306
229
132
3430
814
1938
293
1499
190
479
184
441
769
860
409
1862
2372
2062
82
539
924
104
145
2176
1667
48
749
4072
2955
1129
5328
7794
45063
6164
1942
2842
42003
165
26
35376
5121
766
28913
83
1804578
789
455
357
58286
4438
2433
