232
165
122
135
197
12
91
7
161
274
59
362
34
422
191
35
167
151
656
43
120
957
716
10
772
608
1090
594
29
7
13
1888
234
773
3577
259
948
284
414
83
865
398
176
342
299
200
649
258
29
904
780
183
162
76
73
26
355
63
233
392
211
380
245
532
400
38
265
80
56
172
710
307
1106
89
1506
642
135
0
173
88
377
198
62
122
663
550
469
889
585
403
117
459
506
99
1143
725
48
79
485
7
17
183
689
57
11
192
171
134
47
10
21
99
133
497
476
169
32
42
477
80
198
174
130
27
34
13
41
11
13
55
310
15
18
28
78
28
62
42
111
18
93
230
57
21
16
89
26
65
189
340
133
70
43
35
492
50
10
54
82
95
388
988
843
1005
152
792
34
987
339
81
230
162
243
61
53
485
246
169
194
404
85
414
186
219
10
128
1209
33
201
258
216
313
487
513
51
174
284
85
69
3123
177
849
123
227
277
318
718
874
682
489
207
1897
555
337
76
430
193
1406
457
278
19
215
13
2326
1826
837
40
190
748
441
344
144
156
865
5999
1206
950
5816
5161
5368
3025
2137
46
1881
723
9671
2151
477
517
95
177
231
137
301
259
101
908
492
31
71
126
3004
2188
309
212
3224
1986
1153
53
151
120
67
98
968
67
2246
1682
292
20
685
168
88
1759
826
1248
158
5174
2751
150
4517
726
3526
1132
22515
1570
783
603
2408
493
243
1000
1188
89
182
621
68
36
67
16
151
173
2580
143
169
201
251
506
67
464
644
702
218
244
153
291
36
428
44
176
1136
335
49
520
263
662
216
432
98
63
62
42
321
92
344
266
400
316
190
337
94
163
352
233
2239
10
2488
471
110
79
547
89
372
0
45
570
322
1116
286
264
22
55
67
94
586
3565
305
432
183
813
30
202
398
197
17
287
238
394
19
1443
771
367
219
698
243
128
401
158
108
106
70
95
350
131
58
87
941
201
46
131
163
945
278
176
1112
70
12
139
339
87
409
729
55
469
75
675
139
517
176
55
58
518
1164
69
8
3031
162
396
1980
401
157
1441
186
798
175
375
780
637
845
7452
815
3496
3989
235
6465
753
195
263
130
1218
6673
1395
2098
195
1146
4174
214
294
370
67
69
13
7241
1783
1634
959
81
355
76
309
543
3690
4096
1121
915
3092
4339
1572
701
293
1584
474
208
2583
137
920
697
1838
269
10093
10831
8873
1926
198
32936
