275
34
114
170
289
66
31
196
107
102
242
70
34
31
64
108
85
7
62
62
205
64
31
211
279
80
26
74
189
12
2
121
2
134
3
10
3
68
58
2
59
57
19
164
181
155
39
51
46
88
30
5
80
233
104
25
399
38
310
250
271
283
140
582
169
133
193
25
511
414
59
218
93
106
816
515
221
102
501
220
59
306
107
113
299
46
304
86
87
55
39
12
19
1116
231
350
143
666
539
1138
20
124
135
117
840
40
19
277
1446
100
38
56
436
366
301
40
543
450
10
93
107
241
213
98
160
230
841
91
104
16
36
70
19
137
71
193
177
35
71
47
181
194
38
33
57
216
42
149
26
96
459
86
21
37
72
5
6
183
34
202
105
107
148
12
142
100
58
114
13
113
60
230
14
28
77
80
39
131
58
5
365
60
92
82
73
77
1
31
87
1
290
157
241
286
18
8
116
14
65
4
4
183
201
37
10
8
154
89
265
22
137
105
231
77
159
14
18
50
58
309
26
142
205
204
97
182
92
131
21
6
195
46
115
103
40
26
6
51
172
14
267
63
71
12
71
34
39
68
72
33
5
64
622
103
23
84
17
165
10
134
23
116
136
16
59
231
380
133
351
351
17
2
8
6
49
5
120
88
11
66
2
43
71
6
3
131
132
207
32
93
8
135
395
96
2
139
57
93
3
66
68
150
42
127
28
72
65
316
171
241
134
42
204
80
21
41
39
44
312
56
243
359
192
64
191
34
181
113
93
160
163
212
67
72
11
72
3
147
127
6
126
126
52
58
45
155
37
26
98
521
40
46
6
105
123
24
62
792
99
122
6
149
144
61
130
160
169
63
83
8
61
219
3
5
273
26
359
98
46
87
46
181
121
3
74
93
188
183
157
514
183
1
311
339
114
473
223
24
77
48
664
895
177
54
2
183
138
178
59
554
24
132
74
127
9
56
302
341
64
541
50
72
377
158
176
147
193
118
190
61
426
204
162
241
25
149
118
656
141
11
103
24
86
356
137
374
410
358
37
200
671
174
11
71
377
609
256
338
388
54
66
127
69
158
167
661
380
806
122
198
381
123
102
485
139
99
206
62
400
284
209
205
336
254
642
177
75
32
110
170
794
205
86
498
221
42
924
14
656
387
152
878
13
613
995
863
282
99
204
35
28
60
291
631
338
482
395
4
225
221
268
387
272
70
19
477
1910
245
2
1043
619
250
182
195
787
491
1057
1040
1412
63
1153
492
768
17
2637
630
707
21
829
69
784
789
1219
1937
2269
1624
1357
723
1394
724
2453
779
341
63
401
135
406
66
2455
2428
537
818
499
464
398
910
883
173
326
277
77
139
1132
188
176
869
89
31
952
652
124
42
194
65
444
265
1037
2058
254
1019
97
1671
1068
224
1151
168
4788
4019
244
205
847
668
360
196
1826
699
455
827
1970
1139
473
2103
1258
571
1285
1926
257
1937
3291
4272
2290
644
1250
13078
1448
1210
6570
5384
6283
2045
1615
2577
1477
1930
1970
2347
8201
430
5041
282
1125
1459
1872
8609
1112
33172
3598
2967
2326
4440
25230
181
3882
10644
1982
92
327
5914
434
12649
22814
562
29
8248
14573
3110
9304
2795
10201
22102
21175
