30
9
10
22
14
72
21
35
0
2
7
44
10
0
17
22
44
47
7
46
6
7
0
49
52
19
12
41
2
19
21
16
1
6
13
3
11
6
37
10
10
15
44
14
5
35
13
10
13
1
6
3
73
7
19
36
1
7
18
23
3
39
75
49
2
7
16
25
1
14
17
14
21
12
2
9
19
14
5
33
24
5
13
2
28
3
16
0
2
3
30
44
2
0
3
12
37
24
18
14
12
27
34
6
22
3
11
4
3
9
25
8
5
22
12
14
40
5
40
40
24
7
5
17
19
71
15
8
27
2
4
69
10
7
14
14
22
18
6
15
12
21
3
13
14
42
57
15
3
3
39
8
6
7
8
8
20
5
1
7
17
31
50
54
3
26
12
3
25
8
1
58
4
11
56
9
29
11
9
0
24
2
13
28
4
18
9
13
21
5
1
23
51
52
29
36
9
117
4
41
28
17
6
2
14
11
5
6
33
12
41
1
12
11
41
4
42
16
20
47
25
15
15
99
7
26
73
12
9
23
1
14
35
43
14
6
13
42
2
5
125
40
40
1
9
53
11
1
42
28
1
85
5
3
13
139
12
20
1
25
24
30
56
21
18
13
4
116
0
0
46
86
69
122
59
11
36
4
7
34
84
75
74
42
77
23
17
110
23
54
27
80
55
47
7
7
46
35
76
15
19
33
15
75
52
7
60
3
35
31
133
196
6
29
1
37
231
16
45
78
13
12
43
52
78
2
35
113
73
232
6
2
42
38
61
77
16
27
37
14
191
64
190
11
55
149
24
156
45
0
7
104
2
38
45
11
21
47
99
76
14
16
5
16
10
69
33
63
8
10
37
50
104
10
2
72
36
45
5
11
6
82
43
42
25
35
2
25
9
2
46
14
22
77
198
72
3
6
48
58
9
70
68
24
16
27
26
105
38
2
52
16
3
21
40
44
224
78
10
163
64
18
163
40
7
45
0
118
16
27
5
115
11
154
7
86
21
25
27
92
34
23
25
241
120
502
147
143
17
13
6
121
20
136
126
130
54
108
102
93
210
37
53
46
165
2
12
36
50
56
58
110
23
18
43
65
80
120
32
131
325
77
25
25
125
19
14
41
51
11
16
8
74
167
47
27
3
3
165
22
1
11
56
104
25
56
55
140
208
104
39
7
448
113
86
141
23
74
19
15
85
384
13
103
24
138
93
138
423
69
75
10
126
85
19
83
9
34
69
47
168
91
26
113
100
19
162
23
192
8
27
161
170
61
17
202
46
165
96
122
1
43
142
11
20
60
126
47
119
198
165
23
39
114
117
90
30
29
77
38
3
40
184
59
11
71
20
39
49
66
80
27
0
46
18
23
2
122
87
21
63
51
94
1
113
4
111
169
67
11
111
125
20
175
161
53
551
107
42
174
514
307
62
327
19
354
6
35
141
66
88
38
77
130
24
139
121
230
2
294
2
191
17
71
78
63
52
40
426
24
60
30
6
182
174
47
15
14
12
130
342
23
184
3
258
2
51
160
119
71
166
256
0
363
281
175
61
69
183
50
106
127
42
47
0
75
36
55
7
509
281
50
203
230
186
105
15
4
243
8
47
284
677
269
408
319
25
26
175
336
326
388
468
154
110
3314
3131
621
65
39
93
737
245
62
207
599
78
1301
1057
140
975
803
317
205
107
623
1247
3
171
823
125
152
323
539
562
121
500
94
200
62
462
132
31
737
346
75
144
329
41
135
979
232
771
765
2
257
1155
49
359
339
334
315
220
91
261
111
108
79
28
731
93
110
24
32
458
156
159
218
428
522
290
392
213
291
152
388
176
75
77
279
39
98
58
48
19
326
26
169
219
152
817
1
84
550
63
336
1070
459
188
219
8
57
418
357
127
27
350
8
122
40
79
265
48
55
110
80
204
14
52
4
628
5
283
107
138
656
143
532
67
960
248
109
840
335
322
113
515
70
371
548
156
341
371
310
294
240
37
63
34
54
32
99
55
62
8
12
58
38
17
42
230
386
195
1071
656
881
83
808
389
57
285
111
437
153
46
56
38
3
41
65
37
14
10
35
22
123
443
392
690
394
544
321
81
31
164
360
77
21
58
137
71
29
276
196
221
89
5
56
304
645
267
184
347
196
35
5
182
178
379
419
67
136
194
318
123
64
201
137
753
86
5
45
38
51
708
1301
34
74
123
55
225
37
397
1150
1265
1981
1748
361
168
168
411
390
306
2410
641
4515
825
3227
3386
2857
969
932
293
3145
927
1070
1083
65
111
299
79
12
94
333
971
630
124
194
111
1347
257
752
495
273
170
116
240
44
153
332
554
254
350
47
53
112
164
204
770
128
356
1658
181
1606
1135
313
4
290
108
90
155
35
62
32
102
146
71
25
30
258
180
42
1959
75
224
299
7
19
30
115
82
566
123
1678
545
143
342
229
539
437
98
231
218
23
320
113
170
209
223
238
116
249
16
215
153
781
87
671
253
216
200
47
287
67
115
426
342
1462
258
197
2704
469
184
34
106
852
234
396
596
137
195
89
95
185
168
723
531
156
5132
11
172
2718
213
448
1827
1332
1514
2119
515
5963
1641
2671
621
449
1239
537
567
509
713
419
1644
2006
5273
1635
2611
2373
1255
314
407
292
7969
3956
5579
262
150
57
18
155
374
205
40
296
721
168
140
186
115
153
245
91
39
80
61
102
110
167
149
33
28
151
79
490
54
93
56
362
260
563
336
12
257
273
461
423
41
230
166
244
1253
522
5680
1954
1088
3169
254
158
270
105
505
2050
1865
2850
1633
6062
1266
2001
3261
1910
8872
1014
1845
13994
540
4998
7437
2291
5829
1777
3666
361
3263
3640
9492
827
2477
1547
1547
4640
32995
9237
7533
8739
1434
1656
10523
67639
12948
2573
6160
2247
859
314
546
433
127
87
332
1663
272
1456
47
34970
276
382
350
511
486
517
1039
471
1058
4748
1627
1362
126
762
4322
35
53
23
256
1
13
279
151
769
288
2912
645
495
938
74
2425
7294
58124
105083
44635
76930
91261
14863
5801
55483
5299
966
76894
2402
23236
5431
8354
63994
25648
6377
7280
357
1938
24234
14678
38774
5028
6183
247
6520
1156
3497
281
11761
3742
81516
48444
12426
72
90221
6798
43099
19412
154295
64425
525
155252
46869
