2
102
137
60
190
147
115
22
6
472
182
377
796
521
242
234
321
233
458
76
536
184
98
29
149
10
4
2
31
202
150
62
82
4
63
846
3
532
291
265
191
390
229
123
504
580
61
31
81
2496
1160
429
273
1152
213
924
99
239
216
675
131
91
94
255
210
2537
2358
122
199
342
1434
2380
907
1092
2537
76
1132
1615
1097
1284
514
99
104
393
202
1111
120
364
1431
494
731
517
87
219
242
290
87
28
185
22
146
294
8
302
63
78
34
31
155
404
162
422
723
49
174
86
160
17
602
242
98
21
113
65
89
154
302
42
46
5
46
216
21
212
30
20
80
28
151
275
50
232
86
24
78
588
137
67
43
216
94
383
222
300
318
528
40
84
1673
69
8
454
178
38
202
93
511
40
151
35
270
94
263
12
264
2
88
18
200
128
49
20
204
30
254
73
22
29
283
97
130
311
774
315
892
276
343
1212
118
173
287
560
190
72
270
168
218
691
258
186
187
426
236
753
596
358
634
242
113
183
240
958
443
467
983
2983
1298
74
585
669
228
107
79
187
54
192
355
334
143
232
955
24
622
395
188
765
555
497
230
1215
5
476
244
113
271
442
711
506
253
90
793
2498
622
66
1073
255
233
125
639
352
80
62
168
52
174
475
629
968
59
122
43
787
22
758
976
1652
2643
640
48
3558
6440
147
1525
591
856
499
1005
97
604
451
955
1238
1802
483
2566
330
178
1032
1038
200
42
133
436
545
20
202
152
56
83
13
122
65
31
350
232
456
242
101
247
241
129
140
5
146
179
129
492
140
163
96
30
4
253
5
77
49
200
249
149
49
1
77
16
30
12
85
102
40
427
0
60
150
24
171
4
197
91
257
81
350
246
50
341
141
446
41
220
185
109
269
40
1
675
560
545
46
480
302
193
589
81
44
107
77
47
149
198
248
52
37
108
95
213
71
147
21
418
157
246
812
149
109
356
27
595
68
1135
77
378
689
816
68
189
146
122
30
55
618
77
110
51
450
170
284
800
198
99
6
194
408
640
559
196
961
940
587
301
26
403
13
293
475
256
283
468
446
621
91
86
296
968
500
843
627
149
565
531
25
321
116
89
2856
1574
1022
133
701
378
182
1011
2180
362
265
196
888
173
0
100
916
283
139
1868
734
1144
5431
10810
3469
1471
390
480
439
448
198
825
537
372
587
60
221
815
54
30
648
1699
520
231
350
15
26
184
474
159
396
656
1705
121
900
1022
512
1100
1368
1270
289
1754
1197
3039
49
367
230
209
253
3017
842
269
1599
265
263
167
225
347
121
2
316
70
132
298
55
962
107
609
251
715
104
2582
10231
3477
149
3038
1166
2327
3380
2399
407
7119
7915
1005
4572
195
871
1174
2632
662
1359
980
2711
3744
1006
160
219
480
5945
1367
169
643
41
8481
5945
841
3857
17817
2208
107
11464
3403
3134
12278
729
1546
107
297
128
4
185
506
65
135
207
3108
1350
596
372
796
280
34
261
833
718
350
579
668
741
1265
34
47
163
746
211
277
2457
2959
510
5345
3486
885
80
470
4368
5272
10312
2995
3439
1668
8033
1232
9538
3219
10991
3104
42058
29651
4395
247
4367
7668
1790
346
