91
19
220
175
44
82
56
3
74
39
62
88
7
3
63
19
46
16
3
2
11
1
163
40
91
23
120
114
153
24
88
15
29
104
54
81
15
244
40
112
58
41
1
14
97
14
33
30
279
96
17
13
157
192
143
4
166
33
35
40
1
43
37
41
73
3
64
6
116
16
329
1
2
60
54
148
52
476
626
67
99
2
212
130
101
68
16
96
23
232
10
101
16
102
401
276
39
63
371
167
18
23
38
15
78
55
121
11
185
74
88
25
267
103
495
0
65
60
592
538
106
68
126
289
58
302
94
70
240
163
323
91
10
197
6
17
89
46
131
68
155
85
53
10
65
46
68
148
68
17
1
94
28
64
52
5
56
35
6
131
22
64
7
75
76
8
79
52
100
85
54
65
84
26
339
18
40
239
12
92
5
57
0
168
46
40
148
28
30
49
12
159
101
29
105
25
341
5
39
32
187
77
176
188
41
149
120
15
10
100
38
175
78
738
129
50
232
849
53
56
244
167
64
58
154
27
158
343
1190
1972
146
204
781
282
228
111
189
562
348
110
187
155
29
226
851
172
263
233
320
195
185
34
398
98
339
331
121
1124
152
1381
216
247
128
481
325
964
95
1239
186
1290
2361
380
244
190
175
286
14
847
1072
931
1699
200
236
1065
813
1426
8334
4442
15721
250
2655
363
255
7024
925
1835
1158
526
2642
423
333
1751
239
2191
1549
2126
5159
341
20
30
733
245
51
408
918
502
163
152
83
416
204
374
47
332
404
56
291
13
253
403
607
1943
763
194
507
3387
202
311
158
183
348
108
43
300
260
176
522
149
22
72
185
45
258
338
364
763
7551
676
597
2176
9756
9718
9266
378
189
1095
141
178
400
127
718
2406
2798
41
50
7330
791
190
130
123
195
91
193
0
182
7
62
82
96
183
1888
409
169
338
267
258
407
27
470
269
60
119
31
86
178
284
574
416
299
102
45
102
68
25
72
86
174
1146
175
9
32
134
7
49
78
86
150
128
84
137
51
99
3
21
128
18
25
40
76
52
225
4
185
17
106
1
154
13
111
51
38
75
511
74
395
95
155
2032
553
350
1769
2533
790
395
1212
702
2780
118
262
19459
2985
10305
887
2034
164
243
4212
1696
1241
5424
410
1026
369
1130
3603
2862
934
49
2021
509
215
172
112
320
28
100
363
409
178
342
213
1010
63
664
1210
473
1543
366
168
252
1032
438
863
240
236
115
223
67
84
55
47
49
39
243
118
96
152
153
43
21
37
20
225
412
87
239
142
100
224
43
496
173
175
31
937
224
135
177
274
46
394
252
24
439
145
221
27
58
279
27
683
77
158
44
13
246
34
81
147
11
35
476
142
127
73
60
28
158
166
26
78
134
548
405
232
868
223
111
189
300
410
318
1208
302
176
1
424
30
1720
1626
1362
1233
599
365
118
966
424
121
734
212
868
686
126
27
301
10
25
940
169
1672
54
5830
276
2244
1413
492
2621
3955
802
4554
768
256
980
2783
211
3175
1814
455
1994
535
4220
649
934
278
252
2700
905
4479
271
595
663
505
3198
448
288
2699
490
618
2272
2406
1155
473
1873
91
1060
7142
2571
2748
8243
573
23785
859
88
425
1039
2430
2580
1170
172
509
778
437
