84
393
67
648
439
144
734
236
113
1082
162
157
1006
8
558
408
75
1105
137
346
105
523
80
400
8
561
77
347
428
178
22
147
4
96
24
56
84
110
1
91
98
403
16
42
900
33
252
791
45
167
1996
351
1989
568
7812
713
2281
410
142
690
2878
1639
298
139
645
411
1360
96
311
1160
210
56
776
1252
74
78
26
245
266
51
115
17
66
83
40
67
203
128
98
427
54
3
278
31
219
344
182
54
246
37
138
9
126
93
56
292
135
32
223
76
453
179
109
266
76
164
118
232
72
32
56
152
97
130
35
16
152
174
73
40
56
65
10
299
282
73
21
62
68
47
61
60
568
10
26
104
32
183
39
27
47
77
206
39
100
67
160
77
81
41
25
14
73
24
5
1316
2
81
94
28
28
474
2
42
143
40
49
96
96
143
67
42
18
18
18
49
5
7
129
5
12
55
103
6
89
25
94
46
24
48
66
6
40
102
4
14
57
38
39
230
21
53
26
288
30
116
97
396
482
259
147
21
315
154
30
211
105
64
162
164
22
70
168
118
79
165
52
372
113
48
263
480
146
6
110
46
239
137
241
90
48
140
93
49
289
213
288
149
597
13
9
174
87
16
111
1295
2
1015
426
175
496
1
312
37
165
349
598
87
133
14
8
172
18
21
272
157
108
242
951
303
425
216
940
225
2420
681
47
347
21
138
477
91
298
146
116
752
100
183
69
41
759
338
1020
138
359
420
2899
19
326
1214
1219
132
1716
327
2890
148
268
162
386
311
634
599
541
21835
1219
3034
332
2372
4644
172
88
532
424
4031
125
459
126
256
499
137
157
62
43
33
5
9
44
20
98
106
50
452
1578
321
383
12
1028
310
2616
208
601
1210
461
616
47
74
833
133
18
948
824
2304
470
270
268
493
1139
1634
1809
7887
750
384
1460
14
415
1965
757
2790
245
509
336
812
818
288
117
272
213
62
266
1358
1662
20
169
663
55
2563
2087
3732
9877
7571
4499
1583
853
512
898
3136
2642
613
551
40
303
181
50
2753
121
251
104
48
1715
236
3752
1057
18
449
1
1650
928
4006
2318
331
5927
119
6904
9537
95
659
254
690
22
8382
3758
18678
1385
2213
1457
4
8347
3893
22480
56230
2898
6826
1448
203
229
35897
341
30581
5513
793
630
1092
1570
173
11100
80830
4239
8580
1959
2514
64978
597
76400
4179
674
185
1133
15875
180495
55257
498
1649
2094
1582
1098
518
1628
133
889
61
41
64
103
73
94
167
798
52
280
842
297
14
428
237
70
96
656
104
128
1649
815
4097
378
4502
3159
50458
1837
3062
176157
110615
37769
