29
191
62
70
57
206
36
12
230
252
32
237
21
52
8
59
98
69
96
1
23
61
5
58
36
27
223
13
78
162
149
94
250
114
258
46
15
610
381
3
22
524
14
60
51
8
33
10
20
46
587
21
173
14
45
468
28
25
116
108
31
215
48
599
260
14
98
144
240
85
66
73
28
301
83
316
20
25
77
19
134
209
159
511
22
102
59
81
84
221
163
158
418
109
169
586
942
108
258
25
36
47
206
20
85
94
261
184
146
169
71
256
59
124
101
54
73
24
35
33
40
103
62
65
2
6
89
12
30
10
12
44
17
27
58
17
52
1
53
6
45
37
30
56
22
18
12
14
19
17
45
19
14
34
43
41
215
3
241
57
20
82
11
25
98
3
135
138
319
172
329
77
257
81
129
74
209
174
42
38
189
48
43
188
180
24
120
148
215
56
165
139
131
131
71
95
409
40
217
170
129
140
218
512
139
115
89
313
287
92
201
124
619
20
375
137
638
1031
133
10
383
300
281
71
787
140
169
66
444
15
70
68
18
251
385
414
365
23
469
53
118
157
35
156
227
468
54
124
88
56
359
110
94
127
78
23
461
365
63
331
733
58
110
52
67
300
47
853
41
15
497
389
883
61
110
208
353
282
86
47
251
1870
255
617
71
42
86
59
269
72
18
751
274
251
356
337
3
209
155
199
205
38
232
66
333
33
366
305
705
72
927
105
565
131
32
619
60
201
414
704
10
389
171
1363
2222
866
685
2793
1266
800
735
65
58
1191
5215
4639
68
2649
1510
102
275
2283
1152
1312
1616
108
42
1174
514
29
279
82
269
44
826
205
1121
45
415
8
945
1496
49
696
470
280
70
171
153
391
332
981
37
311
14
629
151
180
152
60
140
267
59
137
93
70
6
1
4
35
13
68
9
36
67
51
107
131
87
75
42
4
59
0
5
93
151
197
6
28
100
185
91
101
239
54
275
470
293
194
1624
90
20
400
299
326
647
283
241
426
30
12
82
414
115
62
97
480
114
292
502
194
210
13
77
378
74
106
441
49
216
258
94
784
135
119
255
122
371
210
292
2559
85
77
149
392
610
305
2625
70
823
801
247
468
563
136
71
161
214
133
299
143
617
286
774
170
116
375
1276
491
735
141
2096
67
476
30
2527
401
148
3582
326
2489
556
1248
698
1245
8970
466
1580
4319
2018
9264
475
1470
145
495
2450
68
2478
90
1956
1466
294
179
1098
260
541
478
206
490
74
386
48
694
281
14
26
38
578
78
115
2872
1697
438
369
76
195
287
2907
61
1309
1278
949
971
689
3799
2674
1726
6434
315
260
16
95
290
98
251
1429
193
164
21
74
72
276
235
100
189
55
794
394
43
690
4954
5272
1453
263
159
6014
21897
1381
16482
763
4378
1500
1476
7632
17189
170612
650
753
2176
466
1966
2407
21951
5257
6579
2128
19868
11296
64489
8756
8713
2480
1209
2499
415
824
10519
15537
36051
30249
1000
95304
41991
4561
2167
541
86349
694
1124
2192
1148
1539
256
779
1513
440
48
1002
331
9307
8899
38709
1664
5286
686
702
221
597
217
3015
28980
52989
3716
5812
30726
1213
613
16992
9579
28693
22504
95738
199
4500
43349
120977
376755
4474
9160
5298
8638
568
2061
