259
357
58
119
236
17
350
98
385
13
98
246
201
56
30
28
6
53
100
54
90
28
30
3
11
2
119
107
273
120
142
127
257
177
94
175
111
138
47
42
39
384
84
171
405
245
327
745
83
96
163
37
266
402
81
431
344
137
53
44
78
318
64
72
1
85
181
1321
124
74
132
120
208
69
2
83
19
143
22
96
149
32
74
250
133
23
179
56
67
62
416
278
116
370
350
470
245
143
37
115
252
76
61
232
290
77
458
277
95
470
446
71
80
80
2576
486
332
784
1213
33
297
117
217
62
241
4
653
820
203
212
180
188
82
117
64
437
46
276
44
359
6
212
55
139
318
1
138
68
4
26
94
29
240
24
36
173
181
96
24
510
463
332
37
131
239
63
47
432
249
441
217
371
132
64
18
171
104
177
14
185
106
144
348
47
120
98
66
608
138
608
72
139
366
237
0
62
78
25
21
553
32
92
72
282
191
114
93
52
220
246
48
135
111
30
184
70
23
19
16
169
103
135
24
90
196
106
24
55
445
225
139
47
285
77
286
39
210
353
219
33
356
128
15
258
497
97
356
166
52
277
223
1021
545
1377
239
375
640
358
9669
3087
1017
1079
1988
1462
2542
141
1040
129
2356
640
975
749
580
641
89
983
587
1309
1387
411
66
199
14
589
38
59
276
390
361
49
204
175
413
119
180
149
3
34
32
134
69
90
311
334
50
103
95
118
141
65
866
28
71
160
978
661
23
457
83
517
220
305
154
133
105
65
326
155
316
651
832
336
95
163
157
463
396
269
84
121
189
125
174
30
242
17
131
13
98
163
447
410
90
377
80
29
738
254
1180
63
282
168
24
178
92
14
195
448
55
182
137
53
193
68
140
48
201
341
297
108
184
850
59
295
249
217
194
606
43
542
48
362
369
137
131
746
341
1703
91
216
99
61
48
293
874
1741
2956
1395
262
782
699
783
1883
2131
6512
877
1202
114
152
158
50
104
66
188
4
119
952
246
28
950
341
1855
10036
5739
3228
4319
452
40
273
325
112
242
10
238
781
215
566
88
343
44
600
262
245
5
40
32
108
48
269
147
61
142
113
49
106
92
601
25
59
17
249
152
116
275
2
58
251
216
7
163
17
30
540
1334
993
99
1649
76
832
1
371
98
215
863
5419
145
362
612
525
1206
70
339
71
23
538
164
62
363
135
85
48
443
1004
819
935
500
387
207
488
1808
266
613
6537
881
995
1094
183
873
103
855
571
2172
78
1180
114
608
4014
923
13257
763
19104
2661
3609
1355
664
6906
1278
1544
1310
97
435
646
436
1294
1420
1210
1102
14257
2713
750
3648
3163
7528
6385
10278
41463
5570
578
26573
13874
1919
18993
1475
25923
327378
6695
371298
43583
63564
383
887
2190
7838
606
25156
