96
87
47
4
48
8
207
42
25
75
65
88
113
28
26
16
2
80
53
112
21
54
18
5
18
14
17
43
26
45
50
84
8
85
41
73
53
40
14
24
218
12
16
97
62
86
80
222
235
121
98
204
2
14
36
11
101
7
32
10
81
37
12
56
25
160
39
158
7
11
82
65
5
121
160
62
51
36
72
108
100
38
97
56
279
75
89
40
79
1
74
97
232
68
54
67
129
79
154
61
28
278
10
23
113
106
17
65
18
45
105
146
5
196
160
143
184
5
651
46
103
211
61
28
241
36
72
275
101
20
373
18
18
54
42
46
119
95
138
59
36
160
90
65
21
49
52
21
54
3
10
68
17
2
18
176
70
34
96
609
199
28
55
42
27
35
11
17
31
54
75
26
29
22
19
31
118
0
96
96
1
1
17
6
3
29
48
28
16
11
33
29
18
107
5
30
3
4
27
3
11
4
24
21
6
5
52
54
26
10
39
58
45
20
0
22
39
6
49
1
31
12
5
173
30
17
70
195
296
17
77
68
19
36
40
3
20
18
14
26
90
9
43
91
45
20
13
98
81
5
15
17
15
64
8
1
4
23
16
10
4
6
2
8
85
52
98
42
110
188
88
180
25
3
84
26
195
14
50
143
38
24
40
114
17
7
31
212
3
32
2
62
16
10
35
51
53
36
28
45
33
64
59
14
6
16
30
1
33
14
109
24
30
40
18
11
156
216
7
57
68
43
33
189
8
67
34
35
27
48
56
28
12
14
10
46
39
10
5
6
42
9
31
49
22
14
78
13
63
4
83
100
10
2
165
33
27
15
10
20
10
127
105
163
290
31
76
54
57
49
55
19
7
57
55
48
73
77
30
22
101
47
160
159
481
336
99
229
69
269
22
88
107
533
98
127
12
6
261
95
75
4
133
2
119
207
134
17
15
16
99
255
88
93
57
45
22
36
32
130
210
188
36
114
101
201
82
135
12
78
33
140
124
243
723
237
457
21
556
226
221
3
200
634
20
34
63
136
195
1063
66
142
69
107
1708
210
900
71
197
239
170
85
155
794
33
685
714
241
1166
91
164
112
1
18
17
199
32
1
146
38
221
59
173
210
829
325
230
233
179
178
161
6
40
180
293
240
311
5
69
237
25
43
114
544
8
167
263
27
99
49
13
776
548
105
825
168
589
492
15
448
175
810
838
150
290
195
101
2053
866
3633
521
1075
295
1232
1869
5661
1918
3177
1944
1145
10
675
126
1099
367
181
220
387
15
562
66
689
76
60
81
184
604
65
62
75
41
29
110
130
259
196
64
192
53
207
9
141
89
58
80
15
78
107
53
14
9
29
178
122
41
80
50
11
14
81
84
65
199
73
49
108
31
56
53
101
36
22
45
50
27
92
49
136
108
20
0
7
127
86
19
166
12
8
14
19
57
136
44
38
65
16
56
59
52
41
17
140
11
134
10
28
78
394
48
11
9
5
126
204
147
7
48
138
199
41
126
381
255
46
363
104
62
131
360
260
151
37
7
49
570
495
360
289
193
949
77
6
2
355
78
87
666
16
27
118
38
114
31
92
22
40
40
118
30
57
1
11
37
49
388
145
53
238
27
82
50
9
17
24
66
65
17
66
37
5
10
135
122
78
325
656
289
307
68
199
130
667
41
314
802
1493
272
130
143
100
253
286
60
50
226
568
51
125
1797
159
96
1030
69
163
906
725
83
1211
106
823
2873
1556
1885
2534
885
1030
1639
1493
1201
259
3522
1434
1626
1897
1408
4494
3514
2740
13707
3697
436
194
259
278
643
439
115
499
50
40
39
226
52
108
132
200
204
320
32
1152
552
104
1010
128
25
479
166
12
0
21
370
312
82
166
12
492
58
41
791
242
225
97
247
94
100
430
259
275
288
50
176
37
104
127
493
38
57
182
33
435
44
133
273
250
528
204
188
11
43
144
15
44
239
117
56
273
1
147
161
34
86
54
394
63
92
19
63
36
36
126
87
18
134
25
171
196
136
131
83
118
19
15
13
50
5
19
23
316
92
251
87
19
21
29
70
36
12
1
38
57
121
27
29
10
876
273
44
73
79
34
230
279
153
69
156
2
66
331
330
97
178
80
284
31
97
125
42
18
98
105
285
49
114
466
47
310
274
77
22
168
85
141
89
62
34
543
75
20
315
68
64
10
21
84
172
823
405
148
105
479
416
231
361
100
8
57
104
28
35
93
231
225
71
161
239
11
210
402
173
183
274
223
1009
177
492
266
7
135
929
312
568
102
122
110
196
20
1373
237
135
736
113
870
124
82
17
253
1382
48
262
26
293
55
1142
13
217
478
80
1033
2957
1343
232
1985
64
170
36
206
564
679
99
689
966
1142
345
344
362
1587
759
242
