122
316
188
353
1018
205
667
730
266
343
199
393
220
277
130
189
4
41
229
224
16
87
10
105
189
46
158
237
320
143
229
41
388
266
1092
72
474
434
462
730
28
190
145
537
101
250
48
225
226
25
485
111
445
346
1307
199
370
88
111
104
124
53
94
81
290
289
112
395
1080
286
38
225
210
312
251
201
358
8
73
218
505
287
316
22
41
514
356
49
117
108
1060
39
109
191
237
1902
1306
245
161
200
131
110
115
280
108
336
588
147
1184
270
364
920
379
163
494
106
184
83
67
156
303
9
637
84
264
131
324
370
18
373
63
250
53
240
22
257
311
235
102
140
86
181
300
9
706
3332
4942
258
1825
401
345
202
212
804
382
3992
1230
3759
613
1704
2717
1640
1345
489
301
2212
1759
1133
992
203
390
582
572
93
718
121
169
58
108
2322
1000
728
1144
809
1697
59
306
668
514
517
908
701
271
236
254
171
449
566
380
550
172
854
36334
540
205
235
485
167
531
1
118
475
2153
1107
1495
5
2672
773
271
2282
1502
1018
220
5059
1004
688
6174
122
272
1452
581
764
143
34
2892
1845
137
296
2382
786
764
418
426
289
1279
6519
1735
853
1688
6708
194
4356
668
338
386
505
80
156
121
232
215
141
1192
1478
750
290
2249
1674
6315
2521
11
757
3013
5349
1149
4760
780
959
2406
622
2078
910
3890
897
132
1549
425
507
1004
707
649
1182
346
62
694
59
1170
236
630
220
10
370
833
88
83
404
44
23
1033
446
257
409
866
182
6642
2159
160
556
448
19
631
164
481
1296
1330
1376
446
849
1733
1189
1806
4430
28
22
1331
854
540
11
6
2257
2722
548
1309
1966
32
456
311
906
248
2991
16223
3002
3694
3897
2771
6942
545
1019
810
1641
3018
2793
396
4717
76
4082
905
572
1061
1003
233
173
1957
1326
939
78
1712
5045
5372
290
78
835
628
713
1929
895
1216
5565
1448
1899
420
351
442
145
3700
293
3244
20
21
5062
1006
534
1165
1446
1435
3150
1637
3670
1524
1111
1979
3062
1442
1340
775
398
227
1490
1601
16104
9297
192
28398
10912
12263
13353
3756
3213
3938
2278
27072
17471
1148
5925
45636
15854
30077
6135
7908
23787
35434
18718
3684
1110
2516
1334
6832
4172
1945
3164
533
40032
2842
10724
697
1965
10575
2978
985
3242
1295
1141
3532
1623
1098
116763
24498
23268
8458
6901
81802
745
71320
4168
6828
1540
9002
117
19855
8894
6295
24966
26344
19999
120539
1122
8684
568
23187
40747
5893
1259
18298
400
31
28
29
42
1031
55
658
51825
3335
118978
80254
16304
22423
47984
7366
2048
24575
56904
49797
26659
74133
21057
121
31722
396
15944
26887
61101
90909
8909
5075
533
31075
8816
55372
19064
4293
11390
2415
2960
4876
65
16869
8470
8105
