763
339
482
266
103
161
86
106
221
311
178
118
243
66
303
491
298
64
894
257
95
323
152
1773
314
300
525
66
246
1897
1041
117
687
598
332
238
143
49
115
153
130
400
211
144
1769
116
26
569
49
32
136
57
138
34
25
213
423
194
82
76
71
543
57
220
232
31
61
271
7
71
180
44
53
110
25
47
223
20
56
31
71
108
17
319
167
42
8
73
9
49
494
118
303
13
212
2
32
180
60
2
9
87
27
74
52
22
92
43
5
34
109
19
4
214
379
59
198
205
53
58
2
12
38
172
123
75
9
37
62
151
6
144
64
67
76
41
15
102
61
18
80
121
204
111
149
28
8
113
74
18
10
101
59
7
119
40
122
62
40
115
58
28
69
142
11
386
3
10
75
16
111
113
4
173
122
32
3
32
128
13
111
55
43
31
28
23
214
5
39
163
73
52
33
103
10
28
20
15
142
40
37
33
77
25
56
45
133
177
309
356
11
4
34
102
21
12
141
12
5
239
36
35
33
16
17
27
27
43
77
16
26
20
15
18
67
79
73
14
50
141
60
69
85
61
96
12
7
0
9
20
63
21
114
143
5
38
89
10
10
8
3
48
22
9
101
13
48
95
6
38
6
16
49
63
24
30
14
83
73
125
2
17
27
6
13
13
55
78
60
51
94
11
250
0
28
16
1
39
13
32
81
47
66
5
35
191
26
261
49
24
27
50
36
80
21
17
40
43
5
14
86
128
139
31
3
3
72
89
54
40
10
162
5
80
12
4
78
3
27
105
3
73
64
28
58
4
145
83
123
88
35
78
74
5
14
23
147
43
83
2
45
14
87
54
82
17
115
92
156
1
93
90
61
36
33
31
43
65
55
135
17
191
43
95
102
36
92
37
96
26
24
119
47
28
6
98
4
150
72
48
15
72
12
143
0
15
31
63
17
42
39
361
1
111
80
123
22
46
8
33
1
7
233
85
217
42
39
30
45
40
7
12
188
25
60
44
13
11
142
46
61
8
43
22
74
70
59
28
31
70
20
24
34
46
8
35
38
28
45
79
52
169
11
17
54
45
75
175
16
36
61
84
65
7
17
169
124
12
84
38
66
54
44
1
99
53
64
187
51
8
35
146
271
128
124
188
189
245
23
138
791
278
106
180
66
380
100
92
152
708
87
424
29
72
404
294
665
223
8
57
484
42
336
144
367
118
107
385
698
194
642
206
3
391
210
262
130
20
149
350
218
169
187
200
153
54
409
391
37
380
67
77
225
164
31
370
86
263
859
96
685
59
240
263
212
10
214
393
19
48
19
330
23
230
188
73
2
60
140
246
37
162
47
481
247
156
77
222
89
24
117
18
82
91
886
54
528
459
189
71
96
83
216
179
314
42
126
22
11
63
145
234
28
203
411
294
237
102
553
227
793
491
575
285
84
56
190
225
377
270
823
553
1129
534
346
33
94
4
95
57
90
57
598
643
1395
352
2198
551
