450
423
1763
1904
767
1868
934
141
33
229
734
1368
975
3691
675
327
248
320
1202
26255
3347
9577
151764
162
204
613
1658
666
679
250
1197
496
43259
2619
3243
1493
17564
2260
7071
52147
5467
15072
22645
38854
35089
51561
81799
18819
12400
126
98
3688
1948
18570
31820
1068
470
4318
2205
2571
1083
8406
2669
4250
22871
93
135
1155
252
51375
20673
3514
50
4
23
11
75
185
22
84
8
540
206
140
324
265
41
454
49
68
31
53
3
11
504
14
20009
1686
704
10073
39
29
34
37
82
13871
594
11971
75
163
2131
349
350
4864
702
310
380
65
0
990
765
370
6697
767
197
20
38
33
19
18
26
31
39
119
88
67
416
252
807
2865
508
2325
548
461
74
17
14
18
56
39
13
75
41
125
30
478
461
116
1484
814
285
189
10
172
236
176
28
35
32
94
124
113
1
74
164
55
28
47
350
35
137
110
368
650
319
176
101
43
48
16
16
29
4
12
39
2
137
6
60
39
8
31
19
25
12
37
42
50
58
14
80
50
37
77
1
162
818
74
67
51
211
2529
379
783
65
12390
38
16353
38
4748
2349
796
631
1167
162
418
371
174
167
40
71
232
90
939
1363
204
271
316
74
361
264
203
23
73
22
119
147
549
433
2
487
51
729
182
456
59
97
18
23
137
29
129
107
249
198
89
247
209
77
59
83
2265
1622
10237
1078
3870
225
1294
3968
2209
574
4497
4097
19
37
836
5141
269
255
32875
3489
8984
355
600
380
182
694
97
114
249
126
325
567
223
98
494
62
69
191
711
116
122
48
672
1136
1264
33
575
134
200
1404
58
108
8038
1754
2108
334
250
536
5583
2848
850
1079
161
411
1250
183
28055
1307
8088
6418
2357
3687
18477
16790
42742
290
184
1549
1230
238
442
157
130
188
383
72
1622
2669
899
2177
314
8442
564
194
4756
273
383
859
498
1115
19950
3412
1459
189
23504
10471
141
2752
8751
1455
9139
7684
9116
938
11439
273
88
20872
16328
1679
3856
31790
2507
187
5620
191
26618
1552
3984
111
1343
12536
25546
151
1221
2507
1228
5299
49590
7110
20784
185
2250
391
158
4746
43405
5390
23323
16508
46
52
59
382
5340
29946
1725
334
10386
78343
6938
1467
2986
1662
945
888
38
238
75655
17026
144
6964
206
52411
13629
9107
3582
8288
217
1413
385
1708
1433
310
12
155
43
38
386
1572
14655
223
138
13825
497
165
41
8030
157
4312
2705
1762
1307
103
277
3030
11
1496
6511
1092
355
4341
3867
93
370
35
91
236
1322
26
31
9226
3297
60
3575
35
584
4236
106
258
30
561
129
44
55
15763
592
12322
294
1191
3507
475
221
382
139
271
2961
30
62
525
28
58
31
35
166
152
626
203
7603
1250
343
1645
8890
4119
86
80
2105
137
1830
409
15689
60639
3043
13632
203
138
891
275
221
1499
2390
6180
181
115
32177
12184
7908
5655
7063
12972
3566
19
59
93
44
3132
60
123
114
260
6103
358
1551
10873
2365
22856
3130
3325
1435
186
1706
10622
97
88
501
7403
428
4103
1325
2338
126532
36811
344
1230
10216
208
10686
22572
14481
412
11168
3709
26463
35
38001
368388
43516
185645
998856
